# Inbreeding coefficients
# Orig ID	Renum ID	f_x
391	1	0.0
1127	2	0.0
1126	3	0.0
1124	4	0.0
300	5	0.0
299	6	0.0
221	7	0.0
220	8	0.0
218	9	0.0
219	10	0.0
216	11	0.0
215	12	0.0
210	13	0.25
203	14	0.25
223	15	0.0
202	16	0.0
111	17	0.15625
198	18	0.15625
225	19	0.0
226	20	0.0
224	21	0.25
298	22	0.0
301	23	0.0
297	24	0.25
217	25	0.25
204	26	0.0
121	27	0.140625
193	28	0.359375
222	29	0.0
66	30	0.18359375
296	31	0.0
295	32	0.25
211	33	0.0
209	34	0.1875
302	35	0.0
303	36	0.0
311	37	0.0
312	38	0.0
310	39	0.125
308	40	0.1875
309	41	0.1875
307	42	0.359375
314	43	0.1875
316	44	0.0
318	45	0.25
317	46	0.0
315	47	0.203125
313	48	0.24609375
323	49	0.25
322	50	0.25
321	51	0.25
208	52	0.0
205	53	0.15625
197	54	0.24560546875
201	55	0.15625
214	56	0.0
213	57	0.3125
306	58	0.27392578125
305	59	0.1181640625
212	60	0.40625
207	61	0.236328125
192	62	0.1162109375
196	63	0.231201171875
195	64	0.213562011719
206	65	0.263671875
156	66	0.326416015625
154	67	0.27392578125
304	68	0.200469970703
320	69	0.107421875
319	70	0.2919921875
262	71	0.169342041016
253	72	0.342220306396
157	73	0.236328125
103	74	0.379150390625
165	75	0.155944824219
67	76	0.379150390625
151	77	0.155944824219
64	78	0.155944824219
150	79	0.379150390625
114	80	0.332931518555
155	81	0.379150390625
149	82	0.155944824219
175	83	0.332931518555
325	84	0.0
84	85	0.123046875
326	86	0.2919921875
327	87	0.272796630859
324	88	0.379356384277
254	89	0.416851043701
251	90	0.31129026413
267	91	0.0
333	92	0.1875
334	93	0.203125
332	94	0.24609375
337	95	0.1640625
336	96	0.216796875
331	97	0.1826171875
338	98	0.306030273438
335	99	0.326873779297
330	100	0.218780517578
342	101	0.15625
344	102	0.0
346	103	0.0
345	104	0.125
200	105	0.1875
199	106	0.125
194	107	0.228515625
65	108	0.253601074219
63	109	0.229106903076
60	110	0.403539657593
283	111	0.229106903076
61	112	0.229106903076
54	113	0.409643173218
107	114	0.253601074219
328	115	0.213737487793
148	116	0.213737487793
113	117	0.254484176636
55	118	0.311455249786
190	119	0.213737487793
112	120	0.213737487793
110	121	0.2919921875
191	122	0.213737487793
62	123	0.31421661377
186	124	0.3685131073
263	125	0.3685131073
258	126	0.277551651001
257	127	0.370176434517
265	128	0.410749092698
250	129	0.410749092698
256	130	0.370176434517
261	131	0.330297976732
57	132	0.294986248016
88	133	0.294986248016
340	134	0.213737487793
129	135	0.357400894165
339	136	0.357400894165
329	137	0.240238428116
255	138	0.317959785461
252	139	0.293969154358
249	140	0.327847778797
248	141	0.449376609176
266	142	0.293969154358
264	143	0.163923889399
260	144	0.337643394247
259	145	0.391346499324
146	146	0.240238428116
176	147	0.357400894165
347	148	0.15625
343	149	0.19921875
120	150	0.279296875
274	151	0.1845703125
234	152	0.130859375
118	153	0.130859375
348	154	0.125
275	155	0.228515625
273	156	0.267150878906
122	157	0.228515625
119	158	0.213256835938
79	159	0.220001220703
350	160	0.1875
351	161	0.140625
349	162	0.134765625
353	163	0.1640625
102	164	0.154296875
98	165	0.137756347656
96	166	0.234660625458
352	167	0.216796875
276	168	0.21142578125
116	169	0.169403076172
163	170	0.268425941467
269	171	0.21199798584
184	172	0.268425941467
282	173	0.169403076172
280	174	0.21199798584
82	175	0.169403076172
166	176	0.169403076172
174	177	0.351501464844
189	178	0.268425941467
86	179	0.273513793945
160	180	0.313601493835
355	181	0.19921875
354	182	0.1171875
85	183	0.217468261719
77	184	0.243835449219
271	185	0.243835449219
356	186	0.31421661377
89	187	0.294986248016
59	188	0.3665599823
53	189	0.366938710213
50	190	0.458429545164
357	191	0.229106903076
87	192	0.294986248016
78	193	0.265025138855
74	194	0.191313743591
359	195	0.155944824219
105	196	0.279861450195
358	197	0.279861450195
127	198	0.339917182922
164	199	0.279861450195
361	200	0.203125
360	201	0.3515625
178	202	0.16748046875
179	203	0.421630859375
172	204	0.502685546875
363	205	0.306030273438
364	206	0.377563476562
362	207	0.377151489258
128	208	0.327856063843
125	209	0.286424279213
140	210	0.327856063843
367	211	0.359375
366	212	0.3046875
365	213	0.244140625
139	214	0.239818572998
136	215	0.246630430222
126	216	0.227882385254
124	217	0.244942188263
123	218	0.311727255583
117	219	0.220038533211
368	220	0.339917182922
284	221	0.305088043213
281	222	0.266056537628
278	223	0.244456410408
371	224	0.154296875
370	225	0.156799316406
106	226	0.234523773193
100	227	0.279314041138
177	228	0.279314041138
171	229	0.351252675056
169	230	0.218511879444
83	231	0.278253555298
76	232	0.265973567963
173	233	0.331423297524
170	234	0.289608180523
168	235	0.304660225287
104	236	0.279314041138
134	237	0.256103992462
242	238	0.314039587975
241	239	0.277545690536
133	240	0.26890707016
369	241	0.256103992462
292	242	0.308732628822
162	243	0.256103992462
244	244	0.26890707016
115	245	0.314039587975
56	246	0.265473604202
144	247	0.315519973636
143	248	0.329440377653
279	249	0.348379746079
277	250	0.282397419214
51	251	0.348379746079
58	252	0.265473604202
132	253	0.315519973636
52	254	0.282767102122
49	255	0.341458376497
48	256	0.312230428681
285	257	0.350442466326
99	258	0.256103992462
183	259	0.353388309479
185	260	0.280247479677
182	261	0.325278684497
181	262	0.280247479677
180	263	0.366432279348
97	264	0.353388309479
109	265	0.322791278362
108	266	0.286375988275
147	267	0.290878362954
286	268	0.266882778145
94	269	0.28232653439
373	270	0.154296875
374	271	0.1640625
378	272	0.1640625
377	273	0.166748046875
376	274	0.196655273438
375	275	0.237976074219
372	276	0.294769287109
293	277	0.240257263184
290	278	0.234880536795
289	279	0.250083621591
379	280	0.185546875
245	281	0.227676391602
380	282	0.19921875
246	283	0.214599609375
243	284	0.271416664124
240	285	0.222051903605
383	286	0.125
385	287	0.15625
384	288	0.19921875
382	289	0.2939453125
138	290	0.279296875
387	291	0.19921875
386	292	0.1767578125
381	293	0.245239257812
233	294	0.315185546875
229	295	0.237724304199
388	296	0.357400894165
80	297	0.351252675056
75	298	0.238245010376
73	299	0.274627871811
68	300	0.241449724883
71	301	0.26354543143
72	302	0.26354543143
288	303	0.248914954718
70	304	0.26354543143
232	306	0.238245010376
231	307	0.25139772892
389	308	0.28125
237	309	0.201171875
236	310	0.277435302734
390	311	0.1171875
137	312	0.223022460938
135	313	0.237060546875
131	314	0.190118312836
130	315	0.234306782484
161	316	0.18300151825
159	317	0.239640757442
158	318	0.249574519694
287	319	0.293170443503
227	320	0.277303216513
247	321	0.249574519694
239	322	0.274915097281
238	323	0.292991972528
235	324	0.18300151825
230	325	0.236298680305
228	326	0.246373167261
272	327	0.18300151825
270	328	0.202317118645
268	329	0.218298405409
145	330	0.18300151825
142	331	0.229180064052
141	332	0.295287920628
394	333	0.243835449219
393	334	0.248178482056
395	335	0.248178482056
396	336	0.248178482056
397	337	0.248178482056
398	338	0.248178482056
399	339	0.248178482056
400	340	0.248178482056
401	341	0.248178482056
402	342	0.312230428681
403	343	0.312230428681
404	344	0.312230428681
405	345	0.312230428681
406	346	0.312230428681
407	347	0.312230428681
408	348	0.248178482056
409	349	0.248178482056
410	350	0.248178482056
411	351	0.248178482056
412	352	0.248178482056
413	353	0.248178482056
416	354	0.218780517578
415	355	0.205574989319
414	356	0.233276963234
420	357	0.244140625
419	358	0.239818572998
418	359	0.218757152557
421	360	0.436120033264
422	362	0.286940395832
423	363	0.286940395832
424	364	0.286940395832
425	365	0.357400894165
426	366	0.285316586494
427	367	0.285316586494
429	368	0.0
430	369	0.277551651001
428	370	0.131726682186
431	371	0.342220306396
432	372	0.266056537628
434	373	0.21199798584
433	374	0.244456410408
1721	1649	0.22873886209
438	376	0.228805541992
437	377	0.234710693359
436	378	0.21349811554
439	379	0.232666015625
440	380	0.232666015625
441	381	0.232666015625
443	383	0.231811523438
445	385	0.231811523438
448	386	0.2919921875
447	387	0.284301757812
446	388	0.148773193359
449	389	0.220245361328
450	390	0.226654052734
452	391	0.232894897461
451	392	0.247177124023
453	393	0.323106765747
455	395	0.21563154459
456	396	0.21563154459
457	397	0.21563154459
458	398	0.21563154459
459	399	0.21563154459
460	400	0.21563154459
1501	1432	0.213075080886
462	402	0.237724304199
463	403	0.212768554688
465	404	0.351252675056
468	405	0.228515625
467	406	0.269874572754
469	407	0.279296875
466	408	0.262542724609
464	409	0.264391601086
473	410	0.130859375
474	411	0.234375
472	412	0.198806762695
471	413	0.215130090714
470	414	0.29772144556
479	415	0.3685131073
478	416	0.368157148361
477	417	0.235137939453
481	418	0.253129005432
480	419	0.299550294876
476	420	0.261898964643
487	422	0.228515625
485	423	0.217224121094
488	424	0.201049804688
484	425	0.197479248047
483	426	0.232780456543
482	427	0.242516934872
475	428	0.261830002069
489	429	0.261830002069
490	430	0.261830002069
491	431	0.261830002069
492	432	0.261830002069
493	433	0.261830002069
494	434	0.261830002069
495	435	0.261830002069
496	436	0.382182300091
497	437	0.382182300091
498	438	0.382182300091
499	439	0.382182300091
500	440	0.382182300091
504	442	0.239818572998
503	443	0.316742658615
505	444	0.390105247498
502	445	0.344654232264
506	446	0.212768554688
508	448	0.212768554688
509	449	0.212768554688
510	450	0.212768554688
511	451	0.212768554688
512	452	0.234306782484
513	453	0.234306782484
515	455	0.234306782484
516	456	0.212768554688
523	457	0.228515625
522	458	0.272735595703
521	459	0.265704154968
520	460	0.222854375839
524	461	0.305088043213
519	462	0.291757911444
518	463	0.21863040328
527	464	0.267150878906
528	465	0.245814323425
535	466	0.366938710213
534	467	0.221817135811
537	468	0.361152589321
628	561	0.208579774946
538	471	0.484719801694
539	472	0.484719801694
540	473	0.484719801694
541	474	0.484719801694
542	475	0.234306782484
544	477	0.407669067383
545	478	0.407669067383
546	479	0.351252675056
549	480	0.421630859375
548	481	0.184484958649
552	482	0.268425941467
551	483	0.280247479677
550	484	0.298548668623
547	485	0.268269270658
553	486	0.268269270658
554	487	0.268269270658
555	488	0.268269270658
556	489	0.268269270658
557	490	0.268269270658
558	491	0.268269270658
560	493	0.268269270658
561	494	0.268269270658
562	495	0.268269270658
563	496	0.268269270658
566	497	0.201049804688
565	498	0.159618377686
564	499	0.247797966003
567	500	0.247797966003
568	501	0.247797966003
569	502	0.247797966003
1520	1449	0.386795789003
572	504	0.213737487793
573	505	0.351252675056
571	506	0.377880334854
574	507	0.377880334854
575	508	0.377880334854
1521	1450	0.316742658615
577	510	0.377880334854
578	511	0.377880334854
579	512	0.377880334854
581	513	0.280615329742
580	514	0.258954703808
582	515	0.258954703808
583	516	0.258954703808
584	517	0.258954703808
585	518	0.258954703808
590	520	0.191313743591
592	521	0.252723693848
591	522	0.238447189331
588	524	0.273613214493
594	525	0.265973567963
593	526	0.217832446098
587	527	0.234440690838
595	528	0.234440690838
630	563	0.208579774946
597	530	0.234440690838
598	531	0.234440690838
599	532	0.234440690838
600	533	0.234440690838
601	534	0.234440690838
602	535	0.234440690838
605	536	0.28232653439
606	537	0.366938710213
604	538	0.32266125828
609	539	0.234710693359
608	540	0.195117413998
607	541	0.266883134842
603	542	0.216237291694
610	543	0.216237291694
611	544	0.216237291694
612	545	0.216237291694
613	546	0.216237291694
614	547	0.216237291694
618	548	0.130859375
617	549	0.212768554688
620	550	0.218780517578
619	551	0.234094500542
616	552	0.206955909729
625	553	0.240257263184
626	554	0.237976074219
1727	1655	0.228515625
622	556	0.341651916504
627	557	0.227676391602
623	558	0.277543067932
621	559	0.359764695168
615	560	0.208579774946
629	562	0.208579774946
631	564	0.208579774946
632	565	0.208579774946
904	837	0.25
634	567	0.208579774946
635	568	0.208579774946
637	569	0.195117413998
639	570	0.246630430222
640	571	0.270296573639
638	572	0.309615209699
636	573	0.291738774627
641	574	0.291738774627
1532	1461	0.293434858322
643	576	0.291738774627
644	577	0.291738774627
645	578	0.291738774627
646	579	0.291738774627
647	580	0.291738774627
648	581	0.291738774627
649	582	0.291738774627
650	583	0.291738774627
651	584	0.291738774627
652	585	0.291738774627
653	586	0.291738774627
654	587	0.291738774627
655	588	0.291738774627
656	589	0.291738774627
657	590	0.291738774627
659	592	0.291738774627
660	593	0.291738774627
661	594	0.291738774627
662	595	0.291738774627
663	596	0.291738774627
664	597	0.291738774627
665	598	0.291738774627
666	599	0.291738774627
667	600	0.291738774627
668	601	0.291738774627
670	603	0.291738774627
674	604	0.213737487793
673	605	0.377880334854
677	606	0.314039587975
676	607	0.380994260311
675	608	0.342126220465
672	609	0.348256300204
671	610	0.346620776691
678	611	0.346620776691
679	612	0.346620776691
682	615	0.346620776691
683	616	0.346620776691
684	617	0.346620776691
685	618	0.346620776691
686	619	0.346620776691
687	620	0.346620776691
688	621	0.346620776691
689	622	0.346620776691
690	623	0.346620776691
691	624	0.346620776691
694	625	0.280247479677
693	626	0.236528787762
692	627	0.308629696257
695	628	0.308629696257
697	630	0.308629696257
702	631	0.353388309479
701	632	0.28232653439
700	633	0.385879978538
699	634	0.24176466465
705	635	0.300610303879
704	636	0.305462628603
706	637	0.322791278362
703	638	0.346655951813
698	639	0.300568144536
707	640	0.24176466465
708	641	0.24176466465
709	642	0.24176466465
710	643	0.293626107275
711	644	0.293626107275
712	645	0.385879978538
713	646	0.385879978538
717	647	0.3046875
718	648	0.137756347656
716	649	0.229049682617
715	650	0.189589500427
721	651	0.237060546875
720	652	0.229270935059
723	653	0.314039587975
722	654	0.277545690536
719	655	0.195509016514
714	656	0.225099921227
724	657	0.225099921227
725	658	0.225099921227
1546	1475	0.261833310127
727	660	0.225099921227
728	661	0.225099921227
729	662	0.225099921227
730	663	0.225099921227
733	664	0.2919921875
731	666	0.391375541687
734	667	0.391375541687
735	668	0.391375541687
736	669	0.391375541687
737	670	0.391375541687
738	671	0.391375541687
739	672	0.391375541687
740	673	0.391375541687
741	674	0.34785848856
1731	1659	0.228515625
743	676	0.34785848856
744	677	0.34785848856
745	678	0.34785848856
750	679	0.203125
752	680	0.0
2919	2844	0.248448922808
749	682	0.25390625
748	683	0.455078125
747	684	0.1904296875
746	685	0.458984375
753	686	0.458984375
758	687	0.293248176575
757	688	0.326908886433
756	689	0.324547171593
755	690	0.265437319875
761	691	0.301773548126
760	692	0.275604724884
763	693	0.236282348633
762	694	0.226907342672
759	695	0.270107202232
754	696	0.251130567631
764	697	0.251130567631
765	698	0.251130567631
766	699	0.251130567631
767	700	0.251130567631
1553	1482	0.261833310127
769	702	0.251130567631
774	703	0.265473604202
773	704	0.309282183647
772	705	0.337280005217
771	706	0.220027229749
770	707	0.263097234652
775	708	0.263097234652
776	709	0.263097234652
777	710	0.263097234652
778	711	0.263097234652
779	712	0.263097234652
781	713	0.314039587975
780	714	0.236016325653
782	715	0.236016325653
783	716	0.236016325653
784	717	0.236016325653
785	718	0.236016325653
786	719	0.236016325653
787	720	0.280247479677
788	721	0.280247479677
789	722	0.280247479677
790	723	0.280247479677
791	724	0.280247479677
792	725	0.280247479677
793	726	0.280247479677
795	728	0.280247479677
796	729	0.280247479677
797	730	0.280247479677
798	731	0.280247479677
799	732	0.280247479677
800	733	0.280247479677
801	734	0.280247479677
802	735	0.280247479677
803	736	0.280247479677
804	737	0.280247479677
805	738	0.280247479677
806	739	0.280247479677
807	740	0.280247479677
808	741	0.280247479677
810	743	0.280247479677
811	744	0.280247479677
812	745	0.280247479677
813	746	0.280247479677
814	747	0.280247479677
815	748	0.280247479677
816	749	0.280247479677
817	750	0.280247479677
818	751	0.280247479677
819	752	0.280247479677
821	753	0.325278684497
825	754	0.244140625
824	755	0.239818572998
823	756	0.317998886108
822	757	0.315038062632
820	758	0.372468980029
1460	1389	0.273674368858
827	760	0.372468980029
828	761	0.372468980029
829	762	0.372468980029
832	763	0.280247479677
831	764	0.197360545397
830	765	0.298101432621
833	766	0.298101432621
834	767	0.218298405409
835	768	0.218298405409
836	769	0.218298405409
837	770	0.218298405409
838	771	0.218298405409
839	772	0.218298405409
1561	1494	0.225099921227
841	774	0.410749092698
842	775	0.410749092698
843	776	0.410749092698
845	778	0.410749092698
846	779	0.410749092698
847	780	0.410749092698
848	781	0.410749092698
849	782	0.410749092698
850	783	0.410749092698
851	784	0.410749092698
852	785	0.410749092698
853	786	0.410749092698
854	787	0.410749092698
855	788	0.410749092698
856	789	0.410749092698
857	790	0.410749092698
858	791	0.410749092698
859	792	0.410749092698
860	793	0.410749092698
861	794	0.410749092698
1735	1663	0.299550294876
863	796	0.410749092698
864	797	0.410749092698
865	798	0.410749092698
866	799	0.410749092698
868	800	0.18300151825
870	801	0.190118312836
871	802	0.175706863403
867	804	0.260877791792
872	805	0.260877791792
873	806	0.260877791792
874	807	0.260877791792
875	808	0.260877791792
876	809	0.260877791792
877	810	0.260877791792
878	811	0.260877791792
879	812	0.260877791792
880	813	0.260877791792
881	814	0.260877791792
882	815	0.260877791792
883	816	0.260877791792
886	817	0.309305947274
885	818	0.2567739347
889	819	0.305462628603
892	820	0.305088043213
893	821	0.366938710213
891	822	0.283207267523
890	823	0.310338482261
888	824	0.342074440792
887	825	0.284637762234
884	826	0.301150653278
894	827	0.301150653278
895	828	0.301150653278
896	829	0.301150653278
897	830	0.301150653278
898	831	0.301150653278
900	833	0.25
901	834	0.25
902	835	0.25
903	836	0.25
1724	1652	0.244456410408
905	838	0.25
906	839	0.25
907	840	0.25
908	841	0.0
912	843	0.137756347656
911	844	0.293251037598
910	845	0.302551746368
913	846	0.302551746368
914	847	0.302551746368
916	849	0.302551746368
917	850	0.302551746368
1578	1507	0.292977891862
919	852	0.351252675056
921	854	0.351252675056
924	855	0.262542724609
925	856	0.331423297524
923	857	0.242769129574
922	858	0.223979353905
926	859	0.223979353905
927	860	0.223979353905
928	861	0.223979353905
930	863	0.223979353905
931	864	0.223979353905
933	865	0.286641895771
932	866	0.372309431434
934	867	0.372309431434
935	868	0.372309431434
936	869	0.372309431434
937	870	0.372309431434
938	871	0.372309431434
939	872	0.372309431434
940	873	0.372309431434
946	874	0.154296875
947	875	0.377151489258
945	876	0.133972167969
944	877	0.237854003906
943	878	0.224121332169
948	880	0.263781569898
949	882	0.307961139828
951	884	0.307961139828
952	885	0.307961139828
953	886	0.307961139828
956	887	0.236298680305
955	888	0.0
959	889	0.340751990676
962	890	0.311455249786
963	891	0.314039587975
961	892	0.386795789003
960	893	0.297152400017
958	894	0.308538457379
965	895	0.298548668623
964	896	0.201085105538
957	897	0.255154380109
954	898	0.118056753301
967	899	0.271416664124
972	900	0.0
973	901	0.107421875
971	902	0.1181640625
970	903	0.152519226074
969	904	0.261833310127
968	905	0.283931240439
966	906	0.226099908352
974	907	0.226099908352
975	908	0.226099908352
976	909	0.226099908352
977	910	0.226099908352
978	911	0.226099908352
979	912	0.226099908352
981	914	0.248178482056
982	915	0.248178482056
984	917	0.248178482056
986	919	0.248178482056
988	921	0.248178482056
989	922	0.237724304199
990	923	0.237724304199
991	924	0.237724304199
992	925	0.237724304199
993	926	0.237724304199
994	927	0.237724304199
995	928	0.237724304199
996	929	0.218269348145
997	930	0.218269348145
999	932	0.323106765747
2961	2886	0.293673278815
1001	934	0.323106765747
1002	935	0.323106765747
1003	936	0.323106765747
1004	937	0.323106765747
1005	938	0.323106765747
1007	940	0.323106765747
1008	941	0.323106765747
1009	942	0.323106765747
1011	944	0.323106765747
1012	945	0.323106765747
1013	946	0.323106765747
1014	947	0.323106765747
1016	949	0.323106765747
1017	950	0.323106765747
1019	952	0.323106765747
1020	953	0.323106765747
1021	954	0.323106765747
1022	955	0.323106765747
1023	956	0.323106765747
1024	957	0.323106765747
1025	958	0.323106765747
1026	959	0.323106765747
1027	960	0.323106765747
1436	1365	0.225835293531
1029	962	0.237724304199
1031	964	0.237724304199
1032	965	0.237724304199
1033	966	0.237724304199
1034	967	0.237724304199
1035	968	0.237724304199
1036	969	0.237724304199
1037	970	0.275447845459
1593	1527	0.214491647552
1040	973	0.29246711731
1041	974	0.29246711731
1042	975	0.29246711731
1043	976	0.237060546875
1044	977	0.2672290802
1045	978	0.2672290802
1046	979	0.2672290802
1047	980	0.2672290802
1048	981	0.2672290802
1049	982	0.2672290802
1050	983	0.2672290802
1051	984	0.2672290802
1052	985	0.2672290802
1053	986	0.2672290802
1054	987	0.2672290802
1055	988	0.2672290802
1056	989	0.2672290802
1057	990	0.2672290802
1059	991	0.243835449219
1058	992	0.426284790039
1060	993	0.294836997986
1061	994	0.294836997986
1062	995	0.294836997986
1063	996	0.294836997986
1064	997	0.294836997986
1065	998	0.294836997986
1066	999	0.294836997986
1067	1000	0.294836997986
1068	1001	0.294836997986
1069	1002	0.294836997986
1070	1003	0.212387084961
1071	1004	0.212387084961
1072	1005	0.212387084961
1073	1006	0.212387084961
1074	1007	0.212387084961
1075	1008	0.306350708008
1076	1009	0.306350708008
1077	1010	0.306350708008
1078	1011	0.306350708008
1079	1012	0.306350708008
1080	1013	0.306350708008
1081	1014	0.216491699219
1082	1015	0.259368896484
1083	1016	0.265670776367
1084	1017	0.339876174927
1086	1019	0.339876174927
1088	1020	0.247177124023
1087	1021	0.275825500488
1089	1022	0.146909803152
1090	1023	0.146909803152
1091	1024	0.146909803152
1609	1536	0.368157148361
1093	1026	0.146909803152
1094	1027	0.146909803152
1098	1028	0.249389648438
1097	1029	0.218569278717
1096	1030	0.242732137442
1095	1031	0.234820142388
1100	1032	0.18957388401
1099	1033	0.211745083332
1101	1034	0.211745083332
1102	1035	0.211745083332
1103	1036	0.211745083332
1104	1037	0.211745083332
1105	1038	0.261833310127
1106	1039	0.193943142891
1107	1040	0.193943142891
1109	1042	0.193943142891
1614	1539	0.238801956177
1113	1044	0.240257263184
1112	1045	0.234880536795
1111	1046	0.250568859279
1114	1047	0.250568859279
1115	1048	0.250568859279
1116	1049	0.250568859279
1117	1050	0.250568859279
1118	1051	0.250568859279
1119	1052	0.250568859279
1120	1053	0.250568859279
1125	1056	0.0
1123	1057	0.0
1128	1058	0.25
1132	1059	0.256433486938
1131	1060	0.219757080078
1133	1061	0.268425941467
1130	1062	0.260066330433
1135	1063	0.317998886108
1134	1064	0.315038062632
1129	1065	0.276301909238
1136	1066	0.276301909238
1137	1067	0.276301909238
1138	1068	0.276301909238
1139	1069	0.276301909238
1140	1070	0.276301909238
1141	1071	0.248111793771
1142	1072	0.248111793771
1143	1073	0.248111793771
1144	1074	0.248111793771
1145	1075	0.248111793771
1146	1076	0.248111793771
1147	1077	0.248111793771
1148	1078	0.248111793771
1150	1079	0.342126220465
1151	1080	0.286375988275
1149	1081	0.317437775899
1153	1082	0.220038533211
1155	1083	0.266883134842
1156	1084	0.175779163837
1154	1085	0.275091543794
1152	1086	0.235269340687
1157	1087	0.235269340687
1158	1088	0.235269340687
1160	1090	0.235269340687
1161	1091	0.235269340687
1164	1092	0.265473604202
1165	1093	0.302950739861
1163	1094	0.336435839534
1162	1095	0.228242378682
1166	1096	0.228242378682
1167	1097	0.228242378682
1168	1098	0.228242378682
1169	1099	0.228242378682
1170	1100	0.228242378682
1172	1102	0.228242378682
1177	1103	0.245610237122
1176	1104	0.223163604736
1175	1105	0.211939573288
1174	1106	0.221741495654
1173	1107	0.288442208432
1178	1108	0.288442208432
1179	1109	0.288442208432
1180	1110	0.288442208432
1181	1111	0.288442208432
1182	1112	0.288442208432
1185	1113	0.205999135971
1183	1114	0.260877791792
1186	1115	0.260877791792
1187	1116	0.260877791792
1189	1117	0.358531035483
1192	1118	0.18300151825
1191	1119	0.266298025846
1190	1120	0.219778642058
1188	1121	0.350413153879
1193	1122	0.350413153879
1194	1123	0.350413153879
1195	1124	0.350413153879
1196	1125	0.350413153879
1197	1126	0.350413153879
1198	1127	0.350413153879
1199	1128	0.155944824219
1200	1129	0.155944824219
1201	1130	0.155944824219
2995	2919	0.28232653439
1203	1132	0.155944824219
1204	1133	0.155944824219
1205	1134	0.2587890625
1206	1135	0.2587890625
1208	1137	0.2587890625
1209	1138	0.2587890625
1210	1139	0.155944824219
1211	1140	0.155944824219
1213	1142	0.155944824219
2997	2921	0.234880536795
1215	1144	0.254484176636
1217	1146	0.254484176636
1218	1147	0.254484176636
1219	1148	0.332931518555
1220	1149	0.332931518555
1221	1150	0.332931518555
1222	1151	0.332931518555
1223	1152	0.332931518555
1224	1153	0.332931518555
1225	1154	0.332931518555
1226	1155	0.332931518555
1227	1156	0.125
1228	1157	0.125
1229	1158	0.125
1230	1159	0.218569278717
1497	1426	0.280482050031
1232	1161	0.218569278717
1233	1162	0.218569278717
1234	1163	0.218569278717
1235	1164	0.218569278717
1236	1165	0.218569278717
1239	1167	0.21142578125
1238	1168	0.3154296875
1240	1169	0.3154296875
1241	1170	0.3154296875
1243	1172	0.3154296875
1246	1173	0.238447189331
1245	1174	0.193595916033
1248	1175	0.19290176034
1249	1176	0.223163604736
1247	1177	0.231070315465
1244	1178	0.251630825456
1250	1179	0.251630825456
1251	1180	0.251630825456
1252	1181	0.251630825456
1253	1182	0.251630825456
1254	1183	0.251630825456
1258	1184	0.291004180908
1257	1185	0.220964431763
1256	1186	0.0927422344685
1259	1187	0.239065676928
1255	1188	0.163692532573
1260	1189	0.163692532573
1261	1190	0.163692532573
1263	1191	0.276222802699
1265	1192	0.223163604736
1264	1193	0.230440720916
1262	1194	0.249850542285
1266	1195	0.249850542285
1267	1196	0.249850542285
1268	1197	0.249850542285
1269	1198	0.249850542285
1270	1199	0.249850542285
1271	1200	0.249850542285
1272	1201	0.249850542285
1273	1202	0.249850542285
1274	1203	0.25
1275	1204	0.25
1276	1205	0.25
1277	1206	0.0
1278	1207	0.277603149414
1279	1208	0.277603149414
1280	1209	0.277603149414
1281	1212	0.254877677187
1284	1213	0.254877677187
1287	1214	0.386795789003
1286	1215	0.230754401535
1749	1677	0.21563154459
1285	1217	0.279279921204
1289	1218	0.279279921204
1290	1219	0.279279921204
1291	1220	0.279279921204
1292	1221	0.279279921204
1293	1222	0.279279921204
1296	1223	0.18300151825
1297	1224	0.21349811554
1295	1225	0.234307572246
1298	1226	0.346655951813
1294	1227	0.231596557423
1299	1228	0.231596557423
1301	1229	0.351501464844
1300	1230	0.389075368643
1303	1232	0.389075368643
1304	1233	0.389075368643
1306	1235	0.389075368643
1307	1236	0.389075368643
1308	1237	0.389075368643
1309	1238	0.389075368643
1310	1239	0.389075368643
1311	1240	0.389075368643
1312	1241	0.389075368643
1443	1372	0.198635876179
1314	1243	0.389075368643
1315	1244	0.389075368643
1316	1245	0.389075368643
1317	1246	0.389075368643
1318	1247	0.389075368643
1319	1248	0.389075368643
1320	1249	0.389075368643
1322	1251	0.389075368643
1324	1253	0.389075368643
1325	1254	0.389075368643
1326	1255	0.389075368643
1327	1256	0.389075368643
1328	1257	0.389075368643
1329	1258	0.389075368643
1330	1259	0.389075368643
1333	1260	0.244456410408
1335	1261	0.229270935059
1336	1262	0.291519522667
1334	1263	0.20124745369
1332	1264	0.270725831389
1338	1265	0.248935848475
1337	1266	0.231166154146
1331	1267	0.276110260747
1339	1268	0.276110260747
1341	1270	0.276110260747
1342	1271	0.276110260747
2846	2770	0.278364365688
1344	1273	0.276110260747
1345	1274	0.276110260747
1346	1275	0.276110260747
1347	1276	0.276110260747
1348	1277	0.276110260747
1350	1278	0.264391601086
1352	1279	0.235137939453
1351	1280	0.351493865252
1349	1281	0.288279931992
1353	1282	0.288279931992
1354	1283	0.288279931992
1355	1284	0.288279931992
1356	1285	0.288279931992
1357	1286	0.288279931992
1359	1287	0.293969154358
1361	1288	0.315519973636
2300	2225	0.415552494116
1360	1290	0.286271639168
1358	1291	0.2886885833
1363	1292	0.2886885833
1364	1293	0.237031817436
1365	1294	0.237031817436
1366	1295	0.237031817436
1367	1296	0.237031817436
1368	1297	0.237031817436
1370	1299	0.237031817436
1371	1300	0.237031817436
1372	1301	0.222854375839
1373	1302	0.222854375839
1374	1303	0.222854375839
1375	1304	0.222854375839
1376	1305	0.222854375839
1377	1306	0.0
1378	1307	0.0
1379	1308	0.0
1380	1309	0.0
1381	1310	0.0
1382	1311	0.0
1383	1312	0.0
1384	1313	0.0
1385	1314	0.0
1386	1315	0.0
1387	1316	0.0
1388	1317	0.0
1389	1318	0.0
1390	1319	0.0
1391	1320	0.0
1394	1321	0.266056537628
1392	1323	0.299487922341
1395	1324	0.299487922341
1396	1325	0.299487922341
1397	1326	0.299487922341
1398	1327	0.341458376497
1399	1328	0.341458376497
1400	1329	0.341458376497
1401	1330	0.341458376497
1402	1331	0.341458376497
1404	1332	0.233681440353
1403	1333	0.307831183076
1405	1334	0.307831183076
1406	1335	0.307831183076
1407	1336	0.307831183076
1408	1337	0.307831183076
1409	1338	0.307831183076
1410	1339	0.307831183076
1412	1341	0.359764695168
1413	1342	0.359764695168
1414	1343	0.359764695168
1416	1344	0.231070315465
1415	1345	0.25126469275
1417	1346	0.25126469275
1418	1347	0.25126469275
1419	1348	0.25126469275
1420	1349	0.25126469275
1421	1350	0.25126469275
1423	1351	0.190635919571
1426	1352	0.302950739861
1425	1353	0.312439799309
1424	1354	0.266226023436
1422	1355	0.232058763504
1427	1356	0.232058763504
1428	1357	0.232058763504
1429	1358	0.232058763504
1430	1359	0.232058763504
1434	1360	0.200469970703
1433	1361	0.284433364868
1432	1362	0.329486131668
1431	1363	0.296412602067
1435	1364	0.225835293531
1437	1366	0.225835293531
1664	1593	0.218757152557
1439	1368	0.225835293531
1441	1369	0.233892440796
1440	1370	0.224614858627
1442	1371	0.198635876179
1444	1373	0.198635876179
1445	1374	0.198635876179
1446	1375	0.198635876179
1447	1376	0.198635876179
1448	1377	0.198635876179
1449	1378	0.198635876179
1450	1379	0.234835624695
1451	1380	0.273674368858
1452	1381	0.273674368858
1453	1382	0.273674368858
1454	1383	0.273674368858
1455	1384	0.273674368858
1456	1385	0.273674368858
1457	1386	0.273674368858
1458	1387	0.273674368858
1459	1388	0.273674368858
2921	2846	0.248448922808
1461	1390	0.273674368858
1462	1391	0.31421661377
1463	1392	0.31421661377
1464	1393	0.31421661377
1465	1394	0.31421661377
1466	1395	0.31421661377
1467	1396	0.31421661377
1468	1397	0.31421661377
1469	1398	0.31421661377
1470	1399	0.31421661377
1471	1400	0.216491699219
1472	1401	0.216491699219
1473	1402	0.216491699219
1474	1403	0.216491699219
1475	1404	0.216491699219
1476	1405	0.216491699219
1477	1406	0.216491699219
1478	1407	0.216491699219
1479	1408	0.390960693359
1480	1409	0.216491699219
1481	1410	0.216491699219
1482	1411	0.216491699219
1483	1412	0.215803861618
1484	1413	0.215803861618
1485	1414	0.215803861618
1486	1415	0.215803861618
1487	1416	0.215803861618
1491	1417	0.291519522667
1490	1418	0.221414998174
1493	1419	0.319949634373
1492	1420	0.35567343235
1489	1421	0.278899356956
1488	1422	0.280482050031
1494	1423	0.280482050031
1495	1424	0.280482050031
1496	1425	0.280482050031
1498	1427	0.280482050031
1499	1428	0.280482050031
1500	1429	0.280482050031
1503	1430	0.275196075439
1502	1431	0.354399681091
1504	1433	0.213075080886
1505	1434	0.213075080886
1506	1435	0.213075080886
1507	1436	0.213075080886
1508	1437	0.386795789003
1509	1438	0.386795789003
1511	1440	0.386795789003
1512	1441	0.386795789003
1513	1442	0.386795789003
1514	1443	0.386795789003
1515	1444	0.386795789003
1516	1445	0.386795789003
1517	1446	0.386795789003
1518	1447	0.386795789003
1519	1448	0.386795789003
3050	2972	0.288674354553
1522	1451	0.316742658615
1523	1452	0.316742658615
1524	1453	0.316742658615
1525	1454	0.316742658615
1526	1455	0.316742658615
1527	1456	0.264391601086
1993	1919	0.247365862131
1529	1458	0.293434858322
1530	1459	0.293434858322
1531	1460	0.293434858322
1533	1462	0.293434858322
1534	1463	0.293434858322
1535	1464	0.293434858322
1536	1465	0.293434858322
1537	1466	0.293434858322
1538	1467	0.293434858322
1539	1468	0.293434858322
1540	1469	0.293434858322
1541	1470	0.293434858322
1542	1471	0.293434858322
1543	1472	0.293434858322
1544	1473	0.293434858322
1545	1474	0.261833310127
1682	1611	0.283207267523
1547	1476	0.261833310127
1548	1477	0.261833310127
1549	1478	0.261833310127
1550	1479	0.261833310127
1551	1480	0.261833310127
1552	1481	0.261833310127
2853	2777	0.194429821335
1554	1483	0.261833310127
1555	1484	0.261833310127
1556	1485	0.261833310127
1557	1486	0.261833310127
1558	1487	0.261833310127
1559	1488	0.261833310127
1562	1489	0.189589500427
1564	1490	0.229270935059
1566	1491	0.314039587975
1565	1492	0.277545690536
1563	1493	0.195509016514
1560	1495	0.247123967856
1567	1496	0.247123967856
1568	1497	0.247123967856
1569	1498	0.247123967856
1570	1499	0.247123967856
1571	1500	0.247123967856
1574	1501	0.184484958649
1573	1502	0.278193995357
1576	1503	0.218757152557
1575	1504	0.285316586494
1572	1505	0.292977891862
1577	1506	0.292977891862
1579	1508	0.292977891862
1580	1509	0.292977891862
1581	1510	0.292977891862
1584	1511	0.110923796892
1583	1512	0.151953145862
1586	1513	0.213537484407
1585	1514	0.100646302104
1582	1515	0.270472574979
1587	1516	0.270472574979
1588	1517	0.270472574979
1589	1518	0.270472574979
1590	1519	0.270472574979
1591	1520	0.270472574979
1592	1521	0.270472574979
1594	1522	0.149024322629
1596	1523	0.289608180523
1598	1524	0.28232653439
1597	1525	0.327531401999
1595	1526	0.298324461328
1599	1528	0.214491647552
1600	1529	0.214491647552
1601	1530	0.214491647552
1602	1531	0.214491647552
1603	1532	0.214491647552
1604	1533	0.214491647552
1605	1534	0.214491647552
1608	1535	0.308529123664
1607	1537	0.381288722157
1612	1538	0.184484958649
1615	1540	0.421630859375
1613	1541	0.209367275238
1611	1542	0.315167307854
1616	1543	0.238245010376
1610	1544	0.249212563038
1606	1545	0.295814523473
1617	1546	0.154296875
1618	1547	0.154296875
1619	1548	0.154296875
1620	1549	0.154296875
1621	1550	0.213737487793
1622	1551	0.213737487793
1623	1552	0.213737487793
1624	1553	0.213737487793
1625	1554	0.213737487793
1626	1555	0.213737487793
1627	1556	0.213737487793
1628	1557	0.213737487793
1632	1558	0.238447189331
1631	1559	0.233620077372
1630	1560	0.233677851036
1635	1561	0.277545690536
1634	1562	0.22076972574
1636	1563	0.242407798767
1633	1564	0.205888422206
1629	1565	0.249826189131
1637	1566	0.249826189131
1638	1567	0.249826189131
1639	1568	0.249826189131
1640	1569	0.249826189131
1641	1570	0.249826189131
1642	1571	0.249826189131
1643	1572	0.158203125
1644	1573	0.158203125
1645	1574	0.158203125
1646	1575	0.158203125
1647	1576	0.158203125
1648	1577	0.158203125
1649	1578	0.158203125
1650	1579	0.158203125
1651	1580	0.218757152557
1652	1581	0.218757152557
1653	1582	0.218757152557
1654	1583	0.218757152557
1655	1584	0.218757152557
1656	1585	0.218757152557
1657	1586	0.218757152557
1658	1587	0.218757152557
1659	1588	0.218757152557
1660	1589	0.218757152557
1661	1590	0.218757152557
1662	1591	0.218757152557
1663	1592	0.218757152557
1665	1594	0.218757152557
1666	1595	0.218757152557
1667	1596	0.218757152557
1668	1597	0.218757152557
1669	1598	0.218757152557
1670	1599	0.218757152557
1672	1600	0.110923796892
1671	1601	0.142888039351
1673	1602	0.142888039351
1674	1603	0.142888039351
1675	1604	0.142888039351
1676	1605	0.142888039351
1677	1606	0.142888039351
1678	1607	0.283207267523
1679	1608	0.283207267523
1680	1609	0.283207267523
1681	1610	0.283207267523
3075	2999	0.292945608497
1683	1612	0.283207267523
1684	1613	0.283207267523
1685	1614	0.283207267523
1686	1615	0.283207267523
1687	1616	0.283207267523
1688	1617	0.283207267523
1689	1618	0.283207267523
1690	1619	0.283207267523
1691	1620	0.283207267523
1692	1621	0.283207267523
1694	1623	0.283207267523
1695	1624	0.283207267523
1696	1625	0.18300151825
1700	1626	0.202239990234
1699	1627	0.284160614014
1697	1628	0.315321922302
1702	1629	0.315321922302
1701	1630	0.315321922302
1703	1631	0.315321922302
1704	1632	0.315321922302
1705	1633	0.315321922302
1706	1634	0.2998046875
1707	1635	0.2998046875
1708	1636	0.337676171213
1709	1637	0.337676171213
1710	1638	0.337676171213
1712	1639	0.339917182922
1711	1640	0.345699548721
1713	1641	0.345699548721
1714	1642	0.345699548721
1716	1643	0.3228520751
1715	1644	0.22873886209
1717	1645	0.22873886209
1718	1646	0.22873886209
1719	1647	0.22873886209
1720	1648	0.22873886209
1722	1650	0.244456410408
1723	1651	0.244456410408
1725	1653	0.244456410408
1726	1654	0.244456410408
1728	1656	0.228515625
1729	1657	0.228515625
1730	1658	0.228515625
1732	1660	0.228515625
1733	1661	0.228515625
1734	1662	0.299550294876
1736	1664	0.299550294876
1737	1665	0.299550294876
1738	1666	0.299550294876
1739	1667	0.299550294876
1740	1668	0.299550294876
1741	1669	0.299550294876
1742	1670	0.299550294876
1743	1671	0.299550294876
1744	1672	0.21563154459
1745	1673	0.21563154459
1746	1674	0.21563154459
1747	1675	0.21563154459
1748	1676	0.21563154459
1752	1678	0.309615209699
1751	1679	0.229854568839
1755	1680	0.285866975784
1754	1681	0.316051483154
1753	1682	0.316286087036
1750	1683	0.243362124078
1756	1684	0.243362124078
1757	1685	0.243362124078
1758	1686	0.243362124078
1759	1687	0.243362124078
1760	1688	0.243362124078
1761	1689	0.243362124078
1762	1690	0.243362124078
1763	1691	0.243362124078
1765	1692	0.100646302104
1764	1693	0.270472574979
1766	1694	0.270472574979
1767	1695	0.270472574979
1768	1696	0.270472574979
1769	1697	0.270472574979
1770	1698	0.270472574979
1771	1699	0.270472574979
1772	1700	0.270472574979
1773	1701	0.270472574979
1774	1702	0.270472574979
1775	1703	0.270472574979
1776	1704	0.270472574979
1777	1705	0.270472574979
1778	1706	0.226907342672
1779	1707	0.226907342672
1780	1708	0.226907342672
1781	1709	0.226907342672
1782	1710	0.226907342672
1783	1711	0.226907342672
1784	1712	0.226907342672
1785	1713	0.226907342672
1786	1714	0.226907342672
1787	1715	0.226907342672
1788	1716	0.226907342672
1789	1717	0.226907342672
1790	1718	0.226907342672
1791	1719	0.226907342672
1792	1720	0.226907342672
1793	1721	0.226907342672
1794	1722	0.226907342672
1795	1723	0.15625
1796	1724	0.305894106627
1797	1725	0.305894106627
1798	1726	0.305894106627
1799	1727	0.305894106627
1800	1728	0.305894106627
1801	1729	0.227676391602
1802	1730	0.227676391602
1803	1731	0.227676391602
1804	1732	0.227676391602
1805	1733	0.227676391602
1806	1734	0.227676391602
1807	1735	0.227676391602
1808	1736	0.227676391602
1809	1737	0.227676391602
1810	1738	0.227676391602
1811	1739	0.227676391602
1812	1740	0.227676391602
1813	1741	0.227676391602
1816	1742	0.269874572754
1815	1743	0.245890557766
1814	1744	0.253149837255
1817	1745	0.253149837255
1818	1746	0.253149837255
1819	1747	0.253149837255
1821	1748	0.247365862131
1820	1749	0.28875679709
1822	1750	0.28875679709
1823	1751	0.28875679709
1824	1752	0.28875679709
1825	1753	0.28875679709
1826	1754	0.28875679709
1828	1755	0.163923889399
1829	1756	0.410749092698
1827	1757	0.337643394247
1830	1758	0.337643394247
1831	1759	0.337643394247
1832	1760	0.337643394247
1833	1761	0.337643394247
1834	1762	0.337643394247
1835	1763	0.337643394247
1837	1764	0.358531035483
1838	1765	0.219778642058
1836	1766	0.350413153879
1839	1767	0.350413153879
1840	1768	0.350413153879
1841	1769	0.350413153879
1843	1771	0.350413153879
1846	1772	0.240238428116
1845	1773	0.279206618667
1848	1774	0.279173601419
1849	1775	0.279173601419
1850	1776	0.293251037598
1851	1777	0.293251037598
1852	1778	0.293251037598
1853	1779	0.293251037598
1854	1780	0.293251037598
1857	1781	0.24609375
1859	1782	0.1875
1858	1783	0.234375
1856	1784	0.3017578125
1860	1785	0.24609375
1855	1786	0.36181640625
1861	1787	0.36181640625
1862	1788	0.36181640625
1864	1789	0.192273855209
1863	1790	0.246295304969
1866	1792	0.246295304969
1867	1793	0.246295304969
1868	1794	0.246295304969
1869	1795	0.246295304969
1870	1796	0.307867050171
1872	1797	0.351252675056
1873	1798	0.351493865252
1871	1799	0.328216642141
1874	1800	0.328216642141
1875	1801	0.328216642141
1876	1802	0.328216642141
1878	1804	0.328216642141
1879	1805	0.328216642141
1882	1806	0.277543067932
1881	1807	0.202804341912
1880	1808	0.325033791363
1883	1809	0.325033791363
1884	1810	0.246630430222
1885	1811	0.246630430222
1886	1812	0.246630430222
1887	1813	0.246630430222
1888	1814	0.246630430222
1889	1815	0.246630430222
1890	1816	0.246630430222
1891	1817	0.246630430222
1892	1818	0.246630430222
1893	1819	0.246630430222
1895	1820	0.289608180523
1894	1821	0.342212257907
1896	1822	0.342212257907
1897	1823	0.342212257907
1898	1824	0.342212257907
1899	1825	0.342212257907
1901	1826	0.348379746079
1900	1827	0.313010491431
1902	1828	0.313010491431
1903	1829	0.313010491431
1904	1830	0.313010491431
1905	1831	0.313010491431
1906	1832	0.206955909729
1907	1833	0.206955909729
1908	1834	0.206955909729
1909	1835	0.206955909729
1910	1836	0.206955909729
1912	1838	0.206955909729
1913	1839	0.206955909729
1914	1840	0.206955909729
1915	1841	0.206955909729
1916	1842	0.206955909729
1917	1843	0.206955909729
1920	1844	0.277543067932
1919	1845	0.204385638237
1921	1846	0.149024322629
1918	1847	0.208145257086
1922	1848	0.208145257086
1923	1849	0.208145257086
1924	1850	0.208145257086
1925	1851	0.208145257086
1926	1852	0.208145257086
1927	1853	0.208145257086
1928	1854	0.208145257086
1929	1855	0.208145257086
1932	1858	0.208145257086
1933	1859	0.208145257086
1934	1860	0.208145257086
1935	1861	0.208145257086
1936	1862	0.208145257086
1937	1863	0.208145257086
1938	1864	0.208145257086
1939	1865	0.208145257086
1942	1866	0.287802428007
1944	1867	0.238447189331
1943	1868	0.23113642633
1941	1869	0.227688569576
1940	1870	0.249571664259
1945	1871	0.249571664259
1946	1872	0.249571664259
1947	1873	0.249571664259
1948	1874	0.249571664259
1954	1875	0.217832446098
1953	1876	0.230477273464
1955	1877	0.242407798767
1951	1878	0.260359456763
1958	1879	0.268425941467
1957	1880	0.313601493835
1960	1881	0.229270935059
1959	1882	0.224123001099
1956	1883	0.192167639732
1961	1884	0.268425941467
1952	1885	0.285152614117
1950	1886	0.235646032263
1964	1887	0.233620077372
1965	1888	0.274627871811
1963	1889	0.233677851036
1966	1890	0.298324461328
1962	1891	0.27153343102
1949	1892	0.257621087629
1967	1893	0.248935848475
1968	1894	0.248935848475
1969	1895	0.248935848475
1971	1897	0.248935848475
1972	1898	0.248935848475
1974	1899	0.314039587975
1973	1900	0.277545690536
1975	1901	0.277545690536
1976	1902	0.277545690536
1977	1903	0.277545690536
1978	1904	0.277545690536
1981	1905	0.223163604736
1980	1906	0.230397284031
1982	1907	0.266056537628
1979	1908	0.2390611507
1983	1909	0.2390611507
1984	1910	0.2390611507
1985	1911	0.2390611507
1986	1912	0.2390611507
1987	1913	0.2390611507
1988	1914	0.247365862131
1989	1915	0.247365862131
1990	1916	0.247365862131
1991	1917	0.247365862131
1992	1918	0.247365862131
1996	1920	0.189589500427
1995	1921	0.225822865963
1994	1922	0.253828529269
1997	1923	0.253828529269
1998	1924	0.253828529269
1999	1925	0.253828529269
2000	1926	0.253828529269
2001	1927	0.253828529269
2002	1928	0.253828529269
2005	1929	0.331423297524
2004	1930	0.3157646209
2003	1931	0.339485623874
2006	1932	0.339485623874
2007	1933	0.339485623874
2009	1935	0.339485623874
2010	1936	0.339485623874
2012	1938	0.339485623874
2014	1940	0.339485623874
2015	1941	0.339485623874
2016	1942	0.339485623874
2017	1943	0.339485623874
2018	1944	0.265473604202
2019	1945	0.265473604202
2020	1946	0.265473604202
2021	1947	0.265473604202
2022	1948	0.265473604202
2023	1949	0.265473604202
2024	1950	0.265473604202
2025	1951	0.265473604202
2026	1952	0.265473604202
2027	1953	0.265473604202
2028	1954	0.265473604202
2029	1955	0.265473604202
2030	1956	0.280488669872
2031	1957	0.280488669872
2032	1958	0.292722076178
2033	1959	0.23361325264
2034	1960	0.291364230216
2035	1961	0.22076972574
2036	1962	0.23113642633
2037	1963	0.214384254999
2038	1964	0.283009305596
2039	1965	0.283009305596
2040	1966	0.283009305596
2041	1967	0.283009305596
2042	1968	0.283009305596
2043	1969	0.283009305596
2044	1970	0.283009305596
2045	1971	0.283009305596
2046	1972	0.219757080078
2047	1973	0.191313743591
2048	1974	0.237688735127
2049	1975	0.220106039196
2050	1976	0.220106039196
2051	1977	0.220106039196
2052	1978	0.220106039196
2054	1980	0.220106039196
2055	1981	0.220106039196
2056	1982	0.286375988275
2057	1983	0.283779024612
2058	1984	0.283779024612
2060	1986	0.283779024612
2061	1987	0.283779024612
2062	1988	0.202317118645
2063	1989	0.258491124958
2064	1990	0.219163097907
2065	1991	0.219163097907
2066	1992	0.219163097907
2067	1993	0.219163097907
2068	1994	0.219163097907
2069	1995	0.219163097907
2070	1996	0.329472565092
2071	1997	0.214384254999
2072	1998	0.315519973636
2074	2000	0.249834563583
2075	2001	0.249834563583
2076	2002	0.329472565092
2077	2003	0.346655951813
2078	2004	0.346655951813
2079	2005	0.346655951813
2080	2006	0.346655951813
2081	2007	0.346655951813
2082	2008	0.221741495654
2083	2009	0.252953081392
2085	2011	0.21408431977
2086	2012	0.21408431977
2087	2013	0.21408431977
2088	2014	0.21408431977
2089	2015	0.21408431977
2090	2016	0.21408431977
2091	2017	0.21408431977
2092	2018	0.340048164129
2093	2019	0.238599728793
2094	2020	0.303298375569
2095	2021	0.303298375569
2096	2022	0.303298375569
2097	2023	0.303298375569
2098	2024	0.303298375569
2099	2025	0.303298375569
2100	2026	0.303298375569
2102	2028	0.290878362954
2103	2029	0.290878362954
2105	2031	0.290878362954
2106	2032	0.239440705627
2107	2033	0.239440705627
2108	2034	0.239440705627
2109	2035	0.239440705627
2110	2036	0.239440705627
2111	2037	0.239440705627
2112	2038	0.293626107275
2113	2039	0.235620647669
2114	2040	0.235620647669
2598	2523	0.27266226022
2116	2042	0.235620647669
2117	2043	0.235620647669
2118	2044	0.235620647669
2119	2045	0.235620647669
2120	2046	0.235620647669
2121	2047	0.238599728793
2122	2048	0.342074440792
2123	2049	0.326908886433
2124	2050	0.277545690536
2125	2051	0.295094899833
2126	2052	0.234938323498
2127	2053	0.234938323498
2128	2054	0.234938323498
2129	2055	0.234938323498
2130	2056	0.234938323498
2131	2057	0.234938323498
2132	2058	0.234938323498
2133	2059	0.234938323498
2134	2060	0.209219843149
2135	2061	0.209219843149
2136	2062	0.235672682524
2137	2063	0.190840244293
2138	2064	0.227764613926
2139	2065	0.227764613926
2140	2066	0.229180064052
2141	2067	0.209219843149
2142	2068	0.246238614898
2143	2069	0.211939573288
2144	2070	0.234323292971
2145	2071	0.327531401999
2147	2073	0.327531401999
2148	2074	0.327531401999
2149	2075	0.327531401999
2150	2076	0.327531401999
2151	2077	0.327531401999
2152	2078	0.296357288957
2153	2079	0.296357288957
2154	2080	0.296357288957
2155	2081	0.296357288957
2156	2082	0.296357288957
2157	2083	0.296357288957
2158	2084	0.296357288957
2159	2085	0.296357288957
2160	2086	0.193056106567
2161	2087	0.233208239079
2162	2088	0.305462628603
2163	2089	0.346655951813
2164	2090	0.346655951813
2165	2091	0.346655951813
2166	2092	0.346655951813
2167	2093	0.346655951813
2168	2094	0.346655951813
2169	2095	0.346655951813
2170	2096	0.240376863629
2171	2097	0.240376863629
2172	2098	0.240376863629
2173	2099	0.240376863629
2174	2100	0.240376863629
2175	2101	0.240376863629
2176	2102	0.304681730457
2177	2103	0.304681730457
2178	2104	0.304681730457
2179	2105	0.305462628603
2181	2107	0.322563299444
2182	2108	0.322563299444
2183	2109	0.322563299444
2184	2110	0.309305947274
2185	2111	0.309305947274
2186	2112	0.239440705627
2187	2113	0.239440705627
2188	2114	0.239440705627
2189	2115	0.239440705627
2191	2117	0.239440705627
2192	2118	0.309305947274
2193	2119	0.309305947274
2194	2120	0.309305947274
2195	2121	0.339036786929
2196	2122	0.339036786929
2197	2123	0.339036786929
2198	2124	0.339036786929
2199	2125	0.339036786929
2200	2126	0.339036786929
2201	2127	0.339036786929
2202	2128	0.458429545164
2203	2129	0.309305947274
2204	2130	0.309305947274
2206	2131	0.346655951813
2207	2132	0.346655951813
2208	2133	0.346655951813
2209	2134	0.346655951813
2210	2135	0.346655951813
2211	2136	0.227193415165
2212	2137	0.258491124958
2213	2138	0.258491124958
2214	2139	0.258491124958
2215	2140	0.227193415165
2216	2141	0.315519973636
2217	2142	0.224123001099
2220	2145	0.230645269156
2221	2146	0.354481445625
2222	2147	0.354481445625
2223	2148	0.354481445625
2224	2149	0.354481445625
2225	2150	0.354481445625
2226	2151	0.354481445625
2227	2152	0.354481445625
2228	2153	0.354481445625
2229	2154	0.354481445625
2230	2155	0.234826594591
2231	2156	0.342074440792
2232	2157	0.244456410408
2233	2158	0.342074440792
2234	2159	0.26170834247
2235	2160	0.242407798767
2236	2161	0.223081376404
2237	2162	0.223081376404
2238	2163	0.289411723614
2239	2164	0.289411723614
2241	2166	0.289411723614
2242	2167	0.289411723614
2243	2168	0.289411723614
2244	2169	0.270814385265
2245	2170	0.270814385265
2246	2171	0.270814385265
2247	2172	0.270814385265
2248	2173	0.270814385265
2249	2174	0.270814385265
2250	2175	0.270814385265
2251	2176	0.290205618367
2253	2178	0.290205618367
2254	2179	0.290205618367
2255	2180	0.290205618367
2256	2181	0.290205618367
2257	2182	0.290205618367
2258	2183	0.236528787762
2259	2184	0.268858307973
2260	2185	0.268858307973
2261	2186	0.268858307973
2262	2187	0.268858307973
2263	2188	0.268858307973
2264	2189	0.268858307973
2265	2190	0.194765027612
2266	2191	0.250334647484
2267	2192	0.342074440792
2268	2193	0.342074440792
2269	2194	0.342074440792
2270	2195	0.342074440792
2271	2196	0.342074440792
2272	2197	0.297152400017
2273	2198	0.23113642633
2274	2199	0.211343371309
2275	2200	0.223158888519
2276	2201	0.223158888519
2277	2202	0.223158888519
2278	2203	0.223158888519
2279	2204	0.223158888519
2280	2205	0.223158888519
2281	2206	0.223158888519
2282	2207	0.306002627127
2284	2209	0.306002627127
2285	2210	0.306002627127
2286	2211	0.306002627127
2287	2212	0.284442737349
2290	2213	0.229270935059
2289	2214	0.220693349838
2291	2215	0.211939573288
2288	2216	0.239861749113
2292	2217	0.219357904047
2293	2218	0.219357904047
2294	2219	0.219357904047
2295	2220	0.219357904047
2296	2221	0.322791278362
2297	2222	0.415552494116
2298	2223	0.415552494116
2299	2224	0.415552494116
2301	2226	0.415552494116
2302	2227	0.415552494116
2303	2228	0.295063858852
2304	2229	0.295063858852
2305	2230	0.295063858852
2306	2231	0.295063858852
2307	2232	0.295063858852
2308	2233	0.295063858852
2309	2234	0.280112601817
2310	2235	0.280112601817
2311	2236	0.280112601817
2312	2237	0.346655951813
2313	2238	0.346655951813
2314	2239	0.346655951813
2315	2240	0.346655951813
2316	2241	0.346655951813
2317	2242	0.346655951813
2318	2243	0.24176466465
2319	2244	0.24176466465
2320	2245	0.24176466465
2321	2246	0.24176466465
2323	2248	0.24176466465
2324	2249	0.24176466465
2325	2250	0.250083621591
2327	2252	0.250083621591
2328	2253	0.250083621591
2329	2254	0.250083621591
2330	2255	0.219163097907
2331	2256	0.219163097907
2332	2257	0.219163097907
2333	2258	0.219163097907
2334	2259	0.219163097907
2335	2260	0.219163097907
2336	2261	0.219163097907
2337	2262	0.219163097907
2338	2263	0.219163097907
2339	2264	0.271398636978
2340	2265	0.271398636978
2341	2266	0.271398636978
2342	2267	0.271398636978
2343	2268	0.271398636978
2344	2269	0.271398636978
2345	2270	0.271398636978
2346	2271	0.271398636978
2347	2272	0.271398636978
2348	2273	0.265437319875
2349	2274	0.20212093275
2350	2275	0.230872541666
2351	2276	0.230872541666
2352	2277	0.230872541666
2353	2278	0.230872541666
2354	2279	0.230872541666
2355	2280	0.230872541666
2357	2282	0.276940059382
2358	2283	0.276940059382
2359	2284	0.276940059382
2360	2285	0.276940059382
2361	2286	0.276940059382
2362	2287	0.276940059382
2363	2288	0.276940059382
2364	2289	0.276940059382
2365	2290	0.171958860941
2366	2291	0.171958860941
2367	2292	0.171958860941
2368	2293	0.171958860941
2369	2294	0.171958860941
2370	2295	0.282908967696
2371	2296	0.282908967696
2373	2298	0.282908967696
2374	2299	0.282908967696
2375	2300	0.282908967696
2376	2301	0.282908967696
2377	2302	0.278275557561
2378	2303	0.278275557561
2379	2304	0.278275557561
2380	2305	0.278275557561
2381	2306	0.278275557561
2382	2307	0.278275557561
2383	2308	0.278275557561
2384	2309	0.249574519694
2385	2310	0.244682963938
2386	2311	0.244682963938
2387	2312	0.244682963938
2388	2313	0.244682963938
2389	2314	0.244682963938
2390	2315	0.244682963938
2391	2316	0.244682963938
2392	2317	0.244682963938
2393	2318	0.244682963938
2394	2319	0.318476225249
2395	2320	0.318476225249
2396	2321	0.285643037641
2397	2322	0.285643037641
2398	2323	0.285643037641
2399	2324	0.285643037641
2400	2325	0.285643037641
2401	2326	0.285643037641
2402	2327	0.285643037641
2403	2328	0.285643037641
2404	2329	0.285643037641
2405	2330	0.285643037641
2406	2331	0.285643037641
2407	2332	0.277686795162
2408	2333	0.277686795162
2409	2334	0.277686795162
2410	2335	0.277686795162
2411	2336	0.310786651447
2412	2337	0.310786651447
2413	2338	0.310786651447
2414	2339	0.310786651447
2415	2340	0.310786651447
2416	2341	0.310786651447
2417	2342	0.310786651447
2418	2343	0.249574519694
2419	2344	0.169623985887
2420	2345	0.169623985887
2421	2346	0.350442466326
2422	2347	0.350442466326
2423	2348	0.350442466326
2424	2349	0.350442466326
2425	2350	0.350442466326
2426	2351	0.350442466326
2427	2352	0.350442466326
2428	2353	0.350442466326
2429	2354	0.309305947274
2430	2355	0.309305947274
2431	2356	0.260449003428
2432	2357	0.260449003428
2433	2358	0.260449003428
2434	2359	0.260449003428
2435	2360	0.260449003428
2436	2361	0.260449003428
2437	2362	0.256864743307
2438	2363	0.256864743307
2440	2365	0.296854291693
2441	2366	0.296854291693
2443	2368	0.296854291693
2444	2369	0.296854291693
2445	2370	0.28232653439
2446	2371	0.274627871811
2448	2372	0.300568144536
2447	2373	0.284097699448
2449	2374	0.300568144536
2450	2375	0.300568144536
2451	2376	0.300568144536
2452	2377	0.298421107
2453	2378	0.298421107
2454	2379	0.298421107
2455	2380	0.298421107
2456	2381	0.298421107
2457	2382	0.298421107
2458	2383	0.261480040848
2459	2384	0.261480040848
2460	2385	0.261480040848
2461	2386	0.261480040848
2462	2387	0.261480040848
2463	2388	0.261480040848
2464	2389	0.289476043312
2465	2390	0.289476043312
2466	2391	0.289476043312
2467	2392	0.289476043312
2468	2393	0.289476043312
2469	2394	0.289476043312
2470	2395	0.289476043312
2471	2396	0.312230428681
2472	2397	0.312230428681
2473	2398	0.312230428681
2474	2399	0.312230428681
2475	2400	0.312230428681
2476	2401	0.239729281515
2477	2402	0.318899876496
2478	2403	0.318899876496
2479	2404	0.318899876496
2480	2405	0.318899876496
2481	2406	0.318899876496
2482	2407	0.318899876496
2483	2408	0.318899876496
2484	2409	0.318899876496
2485	2410	0.318899876496
2486	2411	0.318899876496
2487	2412	0.293170443503
2488	2413	0.293170443503
2489	2414	0.293170443503
2490	2415	0.293170443503
2491	2416	0.293170443503
2492	2417	0.293170443503
2493	2418	0.293170443503
2494	2419	0.283917750698
2495	2420	0.268715883605
2496	2421	0.268715883605
2497	2422	0.268715883605
2498	2423	0.268715883605
2499	2424	0.268715883605
2500	2425	0.171958860941
2501	2426	0.171958860941
2502	2427	0.171958860941
2503	2428	0.171958860941
2504	2429	0.171958860941
2505	2430	0.186421107501
2506	2431	0.186421107501
2507	2432	0.292991972528
2508	2433	0.161941822618
2509	2434	0.161941822618
2510	2435	0.161941822618
2511	2436	0.161941822618
2512	2437	0.161941822618
2513	2438	0.161941822618
2514	2439	0.161941822618
2515	2440	0.161941822618
2516	2441	0.281709999777
2517	2442	0.281709999777
2518	2443	0.276940059382
2519	2444	0.276940059382
2520	2445	0.276940059382
2521	2446	0.276940059382
2522	2447	0.276940059382
2524	2449	0.276940059382
2525	2450	0.22905216692
2526	2451	0.160631248029
2527	2452	0.2567739347
2528	2453	0.293170443503
2529	2454	0.293170443503
2530	2455	0.293170443503
2531	2456	0.293170443503
2532	2457	0.293170443503
2533	2458	0.278275557561
2534	2459	0.278275557561
2535	2460	0.278275557561
2536	2461	0.278275557561
2537	2462	0.278275557561
2538	2463	0.273676474579
2539	2464	0.273676474579
2540	2465	0.273676474579
2541	2466	0.273676474579
2542	2467	0.273676474579
2543	2468	0.273676474579
2544	2469	0.273676474579
2545	2470	0.273676474579
2546	2471	0.273676474579
2547	2472	0.263636039104
2548	2473	0.263636039104
2549	2474	0.263636039104
2550	2475	0.263636039104
2551	2476	0.263636039104
2552	2477	0.263636039104
2553	2478	0.263636039104
2554	2479	0.328713081777
2555	2480	0.322809072211
2556	2481	0.301010699943
2557	2482	0.277226784383
2558	2483	0.277226784383
2559	2484	0.277226784383
2560	2485	0.277226784383
2561	2486	0.277226784383
2562	2487	0.277226784383
2563	2488	0.277226784383
2564	2489	0.277226784383
2565	2490	0.295233940036
2567	2492	0.295233940036
2568	2493	0.295233940036
2569	2494	0.295233940036
2570	2495	0.238347359002
2572	2497	0.218640815001
2573	2498	0.321834911592
2574	2499	0.321834911592
2575	2500	0.321834911592
2576	2501	0.321834911592
2577	2502	0.321834911592
2578	2503	0.321834911592
2579	2504	0.321834911592
2580	2505	0.321834911592
2581	2506	0.274772870354
2582	2507	0.274772870354
2583	2508	0.274772870354
2584	2509	0.274772870354
2585	2510	0.274772870354
2586	2511	0.274772870354
2587	2512	0.194262266159
2588	2513	0.250537905842
2589	2514	0.248373315204
2590	2515	0.248373315204
2591	2516	0.248373315204
2592	2517	0.248373315204
2593	2518	0.248373315204
2594	2519	0.27266226022
2595	2520	0.27266226022
2596	2521	0.27266226022
2597	2522	0.27266226022
2599	2524	0.280247479677
2600	2525	0.291935477406
2601	2526	0.223476414569
2602	2527	0.280594689131
2603	2528	0.262771680544
2605	2530	0.263308141381
2606	2531	0.263308141381
2607	2532	0.263308141381
2608	2533	0.263308141381
2609	2534	0.263308141381
2610	2535	0.248914954718
2612	2537	0.268760479987
2613	2538	0.268760479987
2614	2539	0.268760479987
2615	2540	0.268760479987
2616	2541	0.268760479987
2617	2542	0.268760479987
2618	2543	0.268760479987
2619	2544	0.277788805804
2620	2545	0.277788805804
2621	2546	0.277788805804
2622	2547	0.277788805804
2623	2548	0.277788805804
2624	2549	0.281709999777
2625	2550	0.281709999777
2626	2551	0.281709999777
2627	2552	0.281709999777
2628	2553	0.281709999777
2629	2554	0.281709999777
2630	2555	0.281709999777
2631	2556	0.281709999777
2632	2557	0.281709999777
2633	2558	0.30241504786
2634	2559	0.30241504786
2635	2560	0.30241504786
2637	2561	0.30241504786
2638	2562	0.25925884652
2639	2563	0.25925884652
2640	2564	0.25925884652
2641	2565	0.25925884652
2642	2566	0.25925884652
2643	2567	0.25925884652
2644	2568	0.299045465654
2646	2569	0.280594689131
2645	2570	0.232454828627
2647	2571	0.345947410911
2648	2572	0.276416519657
2649	2573	0.263661900768
2650	2574	0.251874281093
2651	2575	0.329379088187
2652	2576	0.329379088187
2653	2577	0.329379088187
2654	2578	0.329379088187
2655	2579	0.329379088187
2656	2580	0.329379088187
2657	2581	0.257471274817
2658	2582	0.257471274817
2659	2583	0.257471274817
2660	2584	0.257471274817
2661	2585	0.161879748106
2662	2586	0.161879748106
2663	2587	0.161879748106
2664	2588	0.161879748106
2665	2589	0.161879748106
2666	2590	0.264105855487
2667	2591	0.264105855487
2668	2592	0.264105855487
2669	2593	0.264105855487
2670	2594	0.264105855487
2671	2595	0.264105855487
2672	2596	0.240238428116
2674	2598	0.294020261616
2675	2599	0.207679837942
2676	2600	0.239893015474
2677	2601	0.267709341832
2678	2602	0.251874281093
2679	2603	0.234205501154
2680	2604	0.234205501154
2681	2605	0.234205501154
2682	2606	0.234205501154
2683	2607	0.234205501154
2684	2608	0.270970675396
2685	2609	0.270970675396
2686	2610	0.270970675396
2687	2611	0.270970675396
2688	2612	0.270970675396
2689	2613	0.270970675396
2690	2614	0.255846675485
2691	2615	0.255846675485
2692	2616	0.255846675485
2693	2617	0.255846675485
2694	2618	0.277303216513
2695	2619	0.277303216513
2696	2620	0.277303216513
2697	2621	0.277303216513
2698	2622	0.277303216513
2699	2623	0.286891247146
2700	2624	0.286891247146
2701	2625	0.286891247146
2702	2626	0.286891247146
2703	2627	0.286891247146
2704	2628	0.286891247146
2705	2629	0.286891247146
2706	2630	0.286891247146
2707	2631	0.286891247146
2708	2632	0.286891247146
2709	2633	0.268715883605
2710	2634	0.268715883605
2711	2635	0.268715883605
2712	2636	0.268715883605
2713	2637	0.268715883605
2714	2638	0.274875423871
2715	2639	0.274875423871
2716	2640	0.274875423871
2717	2641	0.274875423871
2718	2642	0.161353047937
2719	2643	0.161353047937
2720	2644	0.161353047937
2721	2645	0.251951196929
2722	2646	0.251951196929
2723	2647	0.251951196929
2724	2648	0.251951196929
2725	2649	0.251951196929
2726	2650	0.251951196929
2727	2651	0.234831340844
2728	2652	0.234831340844
2729	2653	0.169499438256
2730	2654	0.214275579463
2731	2655	0.214275579463
2732	2656	0.214275579463
2733	2657	0.214275579463
2734	2658	0.214275579463
2735	2659	0.214275579463
2736	2660	0.214275579463
2737	2661	0.262881637085
2738	2662	0.262881637085
2739	2663	0.283211198461
2740	2664	0.283211198461
2741	2665	0.283211198461
2742	2666	0.283211198461
2743	2667	0.283211198461
2744	2668	0.283211198461
2745	2669	0.246470678831
2746	2670	0.246470678831
2747	2671	0.246470678831
2748	2672	0.246470678831
2749	2673	0.284059124882
2750	2674	0.284059124882
2751	2675	0.284059124882
2752	2676	0.284059124882
2753	2677	0.284059124882
2754	2678	0.284059124882
2755	2679	0.284059124882
2756	2680	0.269079939113
2757	2681	0.269079939113
2758	2682	0.303335966426
2759	2683	0.303335966426
2760	2684	0.303335966426
2761	2685	0.303335966426
2762	2686	0.158939890563
2763	2687	0.158939890563
2764	2688	0.158939890563
2765	2689	0.158939890563
2767	2691	0.158939890563
2768	2692	0.233653681353
2769	2693	0.233653681353
2770	2694	0.277788805804
2771	2695	0.277788805804
2772	2696	0.277788805804
2773	2697	0.277788805804
2774	2698	0.277788805804
2775	2699	0.277788805804
2776	2700	0.277788805804
2777	2701	0.248278510757
2778	2702	0.248278510757
2779	2703	0.248278510757
2780	2704	0.266882778145
2781	2705	0.266882778145
2783	2707	0.266882778145
2784	2708	0.206065012142
2785	2709	0.206065012142
2786	2710	0.206065012142
2787	2711	0.206065012142
2788	2712	0.206065012142
2789	2713	0.206065012142
2790	2714	0.206065012142
2792	2716	0.20332439011
2793	2717	0.20332439011
2794	2718	0.20332439011
2795	2719	0.20332439011
2796	2720	0.20332439011
2797	2721	0.263426786405
2798	2722	0.263426786405
2799	2723	0.263426786405
2800	2724	0.263426786405
2801	2725	0.321834911592
2802	2726	0.321834911592
2803	2727	0.321834911592
2804	2728	0.321834911592
2805	2729	0.321834911592
2806	2730	0.321834911592
2807	2731	0.321834911592
2808	2732	0.321834911592
2809	2733	0.229180064052
2810	2734	0.286606232054
2811	2735	0.249350452388
2812	2736	0.206022061902
2813	2737	0.206022061902
2814	2738	0.206022061902
2815	2739	0.206022061902
2816	2740	0.206022061902
2817	2741	0.206022061902
2818	2742	0.206022061902
2819	2743	0.206022061902
2820	2744	0.206022061902
2821	2745	0.235609000083
2822	2746	0.235609000083
2823	2747	0.235609000083
2824	2748	0.235609000083
2825	2749	0.292130848044
2826	2750	0.292130848044
2827	2751	0.292130848044
2828	2752	0.292130848044
2829	2753	0.292130848044
2830	2754	0.292130848044
2831	2755	0.230946515454
2832	2756	0.230946515454
2833	2757	0.230946515454
2834	2758	0.230946515454
2835	2759	0.230946515454
2836	2760	0.230946515454
2837	2761	0.230946515454
2838	2762	0.230946515454
2839	2763	0.230946515454
2840	2764	0.278364365688
2841	2765	0.278364365688
2842	2766	0.278364365688
2843	2767	0.278364365688
2844	2768	0.278364365688
2845	2769	0.278364365688
2847	2771	0.278364365688
2848	2772	0.194429821335
2849	2773	0.194429821335
2850	2774	0.194429821335
2851	2775	0.194429821335
2852	2776	0.194429821335
2854	2778	0.292368727969
2855	2779	0.156481390819
2856	2780	0.156481390819
2857	2781	0.156481390819
2858	2782	0.156481390819
2859	2783	0.156481390819
2860	2784	0.156481390819
2861	2785	0.156481390819
2862	2786	0.240118711721
2863	2787	0.240118711721
2864	2788	0.240118711721
2865	2789	0.240118711721
2866	2790	0.240118711721
2867	2791	0.240118711721
2868	2792	0.240118711721
2869	2793	0.333726394922
2870	2794	0.223476414569
2871	2795	0.272562450147
2872	2796	0.227239064872
3073	2797	0.21757529676
2873	2798	0.21757529676
2874	2799	0.246509462333
2875	2800	0.242716480207
2876	2801	0.242716480207
2877	2802	0.242716480207
2878	2803	0.242716480207
2879	2804	0.242716480207
2880	2805	0.242716480207
2881	2806	0.242716480207
2882	2807	0.288604683243
2883	2808	0.288604683243
2884	2809	0.288604683243
2885	2810	0.288604683243
2886	2811	0.288604683243
2887	2812	0.288604683243
2888	2813	0.288604683243
2889	2814	0.25190644653
2890	2815	0.25190644653
2891	2816	0.25190644653
2892	2817	0.206197674881
2893	2818	0.206197674881
2894	2819	0.206197674881
2895	2820	0.206197674881
2896	2821	0.206197674881
2897	2822	0.206197674881
2898	2823	0.206197674881
2899	2824	0.206197674881
2900	2825	0.30241504786
2901	2826	0.30241504786
2902	2827	0.30241504786
2903	2828	0.30241504786
2904	2829	0.30241504786
2905	2830	0.30241504786
2906	2831	0.30241504786
2907	2832	0.30241504786
2908	2833	0.30241504786
2909	2834	0.281197911478
2910	2835	0.281197911478
2911	2836	0.281197911478
2912	2837	0.281197911478
2913	2838	0.25148863392
2914	2839	0.248448922808
2915	2840	0.248448922808
2916	2841	0.248448922808
2917	2842	0.248448922808
2918	2843	0.248448922808
2920	2845	0.248448922808
2922	2847	0.257887841042
2923	2848	0.293437768742
2924	2849	0.293437768742
2925	2850	0.293437768742
2926	2851	0.293437768742
2927	2852	0.293437768742
2928	2853	0.293437768742
2929	2854	0.293437768742
2930	2855	0.293437768742
2931	2856	0.254904306581
2932	2857	0.254904306581
2933	2858	0.248364034109
2934	2859	0.248364034109
2935	2860	0.248364034109
2936	2861	0.248364034109
2937	2862	0.248364034109
2938	2863	0.248364034109
2939	2864	0.248364034109
2940	2865	0.248364034109
2941	2866	0.238523042179
2942	2867	0.238523042179
2943	2868	0.238523042179
2944	2869	0.238523042179
2945	2870	0.238523042179
2946	2871	0.277788805804
2947	2872	0.277788805804
2948	2873	0.277788805804
2949	2874	0.277788805804
2950	2875	0.277788805804
2951	2876	0.277788805804
2952	2877	0.256633031415
2953	2878	0.256633031415
2954	2879	0.256633031415
2955	2880	0.256633031415
2957	2882	0.256633031415
2958	2883	0.293673278815
2959	2884	0.293673278815
2960	2885	0.293673278815
2962	2887	0.293673278815
2963	2888	0.293673278815
2964	2889	0.293673278815
2965	2890	0.293673278815
2967	2891	0.473885813728
2968	2892	0.473885813728
2969	2893	0.237688735127
2970	2894	0.237688735127
2971	2895	0.237688735127
2972	2896	0.237688735127
2973	2897	0.237688735127
2974	2898	0.237688735127
2975	2899	0.305462628603
2976	2900	0.305462628603
2977	2901	0.305462628603
2978	2902	0.305462628603
2979	2903	0.28232653439
2980	2904	0.28232653439
2981	2905	0.28232653439
2982	2906	0.28232653439
2983	2907	0.28232653439
2984	2908	0.322791278362
2985	2909	0.322791278362
2986	2910	0.234880536795
2987	2911	0.28232653439
2988	2912	0.28232653439
2989	2913	0.28232653439
2990	2914	0.28232653439
2991	2915	0.234880536795
2992	2916	0.322791278362
2993	2917	0.322791278362
2994	2918	0.28232653439
3302	3217	0.239459308679
2996	2920	0.28232653439
2998	2922	0.234880536795
2999	2923	0.280615329742
3000	2924	0.280615329742
3001	2925	0.28232653439
3002	2926	0.234880536795
3003	2927	0.234880536795
3004	2928	0.234880536795
3005	2929	0.268425941467
3006	2930	0.368057221174
3007	2931	0.234880536795
3008	2932	0.234880536795
3009	2933	0.234880536795
3010	2934	0.234880536795
3011	2935	0.234880536795
3012	2936	0.234880536795
3013	2937	0.234880536795
3014	2938	0.256103992462
3015	2939	0.256103992462
3016	2940	0.256103992462
3017	2941	0.256103992462
3025	2942	0.300140380859
3020	2943	0.256103992462
3021	2944	0.256103992462
3022	2945	0.256103992462
3023	2946	0.256103992462
3024	2947	0.256103992462
3026	2948	0.256103992462
3027	2949	0.256103992462
3028	2950	0.256103992462
3029	2951	0.256103992462
3030	2952	0.256103992462
3031	2953	0.256103992462
3032	2954	0.339111328125
3033	2955	0.339111328125
3034	2956	0.185546875
3035	2957	0.266582489014
3036	2958	0.266582489014
3037	2959	0.266582489014
3038	2960	0.266582489014
3039	2961	0.266582489014
3040	2962	0.339111328125
3041	2963	0.353388309479
3042	2964	0.353388309479
3043	2965	0.353388309479
3044	2966	0.353388309479
3045	2967	0.353388309479
3046	2968	0.288674354553
3047	2969	0.288674354553
3048	2970	0.288674354553
3049	2971	0.288674354553
3051	2973	0.266582489014
3052	2974	0.266582489014
3053	2975	0.266582489014
3054	2976	0.266582489014
3055	2977	0.266582489014
3056	2978	0.266582489014
3057	2979	0.308732628822
3058	2980	0.308732628822
3059	2981	0.308732628822
3060	2982	0.308732628822
3061	2983	0.308732628822
3062	2984	0.308732628822
3063	2985	0.308732628822
3064	2986	0.308732628822
3065	2987	0.234880536795
3066	2988	0.234880536795
3067	2989	0.234880536795
3068	2990	0.234880536795
3069	2991	0.234880536795
3070	2992	0.234880536795
3071	2993	0.336849927902
3072	2994	0.364316344261
3074	2995	0.241235778667
3077	2996	0.326723277569
3076	2997	0.244929373264
3078	2998	0.285665988922
3079	3000	0.219464866444
3080	3001	0.219464866444
3081	3002	0.219464866444
3082	3003	0.219464866444
3083	3004	0.219464866444
3085	3005	0.235672682524
3084	3006	0.224594712257
3086	3007	0.229190682992
3087	3008	0.229190682992
3088	3009	0.229190682992
3089	3010	0.229190682992
3090	3011	0.229190682992
3092	3012	0.233677851036
3091	3013	0.255226083566
3093	3014	0.303714450449
3094	3015	0.26207070332
3096	3016	0.247177124023
3095	3017	0.280957400799
3097	3018	0.245816732524
3098	3019	0.245816732524
3099	3020	0.245816732524
3100	3021	0.245816732524
3101	3022	0.245816732524
3102	3023	0.245816732524
3104	3024	0.207295559347
3105	3025	0.242127209902
3106	3026	0.348379746079
3107	3027	0.313010491431
3103	3028	0.277807449456
3108	3029	0.259262925014
3109	3030	0.252731837798
3110	3031	0.242407798767
3111	3032	0.204719640315
3112	3033	0.253401902271
3113	3034	0.273382874846
3115	3035	0.209486752748
3114	3036	0.22274362063
3116	3037	0.207213406567
3117	3038	0.254429950379
3118	3039	0.277828417253
3120	3040	0.230754401535
3119	3041	0.255447566509
3121	3042	0.284350402479
3122	3043	0.31854540325
3291	3044	0.258750674315
3123	3045	0.282767102122
3124	3046	0.282767102122
3125	3047	0.282767102122
3126	3048	0.282767102122
3127	3049	0.282767102122
3128	3050	0.348379746079
3129	3051	0.348379746079
3130	3052	0.348379746079
3131	3053	0.348379746079
3132	3054	0.348379746079
3133	3055	0.348379746079
3134	3056	0.348379746079
3135	3057	0.315519973636
3136	3058	0.315519973636
3137	3059	0.315519973636
3138	3060	0.315519973636
3139	3061	0.315519973636
3140	3062	0.315519973636
3141	3063	0.315519973636
3142	3064	0.315519973636
3143	3065	0.315519973636
3144	3066	0.315519973636
3145	3067	0.315519973636
3146	3068	0.315519973636
3147	3069	0.315519973636
3148	3070	0.342074440792
3158	3071	0.287642247975
3156	3072	0.287642247975
3151	3073	0.342074440792
3157	3074	0.287642247975
3153	3075	0.342074440792
3154	3076	0.342074440792
3159	3077	0.287642247975
3160	3078	0.287642247975
3161	3079	0.257214313839
3162	3080	0.257214313839
3163	3081	0.257214313839
3164	3082	0.257214313839
3165	3083	0.257214313839
3166	3084	0.26170834247
3167	3085	0.248914954718
3168	3086	0.248914954718
3169	3087	0.248914954718
3170	3088	0.248914954718
3171	3089	0.248914954718
3172	3090	0.248914954718
3173	3091	0.280247479677
3174	3092	0.280247479677
3175	3093	0.280247479677
3176	3094	0.280247479677
3177	3095	0.343500450253
3178	3096	0.343500450253
3179	3097	0.343500450253
3180	3098	0.343500450253
3181	3099	0.343500450253
3182	3100	0.343500450253
3183	3101	0.343500450253
3184	3102	0.343500450253
3185	3103	0.26794403512
3186	3104	0.26794403512
3187	3105	0.26794403512
3188	3106	0.26794403512
3189	3107	0.26794403512
3190	3108	0.26794403512
3191	3109	0.342126220465
3193	3111	0.281018048525
3194	3112	0.281018048525
3195	3113	0.281018048525
3196	3114	0.281018048525
3197	3115	0.304770398885
3198	3116	0.304770398885
3199	3117	0.304770398885
3200	3118	0.304770398885
3201	3119	0.304770398885
3202	3120	0.26583263051
3203	3121	0.26583263051
3204	3122	0.26583263051
3205	3123	0.26583263051
3206	3124	0.26583263051
3207	3125	0.26583263051
3208	3126	0.280594689131
3209	3127	0.280594689131
3210	3128	0.280594689131
3211	3129	0.280594689131
3212	3130	0.280594689131
3213	3131	0.280594689131
3214	3132	0.280594689131
3215	3133	0.298324461328
3216	3134	0.298324461328
3217	3135	0.298324461328
3218	3136	0.298324461328
3219	3137	0.298324461328
3220	3138	0.280594689131
3221	3139	0.280594689131
3222	3140	0.280594689131
3223	3141	0.280594689131
3224	3142	0.280594689131
3225	3143	0.280594689131
3226	3144	0.236298680305
3227	3145	0.236298680305
3228	3146	0.236298680305
3229	3147	0.236298680305
3230	3148	0.226910399273
3231	3149	0.226910399273
3232	3150	0.226910399273
3233	3151	0.226910399273
3234	3152	0.226910399273
3235	3153	0.226910399273
3236	3154	0.226910399273
3237	3155	0.25253840955
3238	3156	0.25253840955
3239	3157	0.25253840955
3240	3158	0.25253840955
3241	3159	0.25253840955
3242	3160	0.264833238558
3243	3161	0.264833238558
3244	3162	0.264833238558
3245	3163	0.264833238558
3246	3164	0.264833238558
3247	3165	0.264833238558
3248	3166	0.264833238558
3249	3167	0.264833238558
3250	3168	0.252593014156
3251	3169	0.252593014156
3252	3170	0.252593014156
3253	3171	0.252593014156
3254	3172	0.252593014156
3255	3173	0.252593014156
3256	3174	0.252593014156
3257	3175	0.329472565092
3267	3176	0.285540031036
3258	3177	0.329472565092
3259	3178	0.329472565092
3268	3179	0.285540031036
3269	3180	0.285540031036
3262	3181	0.329472565092
3263	3182	0.329472565092
3264	3183	0.329472565092
3265	3184	0.329472565092
3266	3185	0.329472565092
3270	3186	0.285540031036
3271	3187	0.285540031036
3272	3188	0.285540031036
3273	3189	0.311455249786
3274	3190	0.311455249786
3275	3191	0.311455249786
3276	3192	0.319949634373
3277	3193	0.319949634373
3278	3194	0.319949634373
3279	3195	0.319949634373
3280	3196	0.319949634373
3281	3197	0.319949634373
3282	3198	0.319949634373
3283	3199	0.329440377653
3284	3200	0.329440377653
3285	3201	0.329440377653
3286	3202	0.329440377653
3287	3203	0.329440377653
3288	3204	0.348379746079
3289	3205	0.348379746079
3290	3206	0.348379746079
3292	3207	0.258750674315
3293	3208	0.264736715006
3294	3209	0.264736715006
3295	3210	0.264736715006
3296	3211	0.264736715006
3297	3212	0.264736715006
3298	3213	0.264736715006
3299	3214	0.239459308679
3300	3215	0.239459308679
3301	3216	0.239459308679
3303	3218	0.239459308679
3304	3219	0.239459308679
3305	3220	0.239459308679
3306	3221	0.22666400671
3307	3222	0.22666400671
3308	3223	0.22666400671
3309	3224	0.22666400671
3310	3225	0.22666400671
3311	3226	0.257872619666
3312	3227	0.257872619666
3313	3228	0.258486468578
3314	3229	0.258486468578
3315	3230	0.258486468578
3316	3231	0.21757529676
3317	3232	0.257438838336
3318	3233	0.257438838336
3319	3234	0.257438838336
3320	3235	0.257438838336
3321	3236	0.257438838336
3322	3237	0.257438838336
3323	3238	0.224471986294
3324	3239	0.164777917787
3325	3240	0.204719640315
3326	3241	0.210498156957
3327	3242	0.234826594591
3328	3243	0.260719373473
3329	3244	0.220027229749
3330	3245	0.220027229749
3331	3246	0.220027229749
3332	3247	0.220027229749
3333	3248	0.220027229749
3334	3249	0.220027229749
3335	3250	0.220027229749
3337	3251	0.27411164064
3345	3252	0.278410775354
3338	3253	0.27411164064
3339	3254	0.27411164064
3340	3255	0.27411164064
3341	3256	0.27411164064
3342	3257	0.27411164064
3343	3258	0.27411164064
3344	3259	0.27411164064
3346	3260	0.278410775354
3347	3261	0.278410775354
3348	3262	0.278410775354
3349	3263	0.278410775354
3350	3264	0.278410775354
3351	3265	0.278410775354
3352	3266	0.278410775354
3353	3267	0.276442594841
3354	3268	0.254906784743
3355	3269	0.254906784743
3356	3270	0.254906784743
3357	3271	0.254906784743
3358	3272	0.254906784743
3359	3273	0.254906784743
3360	3274	0.254906784743
3361	3275	0.287380980299
3362	3276	0.254429950379
3363	3277	0.254429950379
3364	3278	0.254429950379
3365	3279	0.301684340579
3366	3280	0.239065676928
3367	3281	0.239065676928
3368	3282	0.18300151825
3369	3283	0.18300151825
3370	3284	0.18300151825
3371	3285	0.18300151825
3372	3286	0.18300151825
3373	3287	0.18300151825
3374	3288	0.292375886813
3375	3289	0.292375886813
3376	3290	0.292375886813
3377	3291	0.229436391033
3378	3292	0.229436391033
3379	3293	0.267456031754
3380	3294	0.235137939453
3381	3295	0.323591008782
3382	3296	0.320893567055
3383	3297	0.22510143253
3384	3298	0.22510143253
3385	3299	0.22510143253
3386	3300	0.22510143253
3387	3301	0.22510143253
3388	3302	0.22510143253
3389	3303	0.22510143253
3390	3304	0.321834911592
3391	3305	0.321834911592
3392	3306	0.321834911592
3393	3307	0.321834911592
3394	3308	0.270344801771
3395	3309	0.270344801771
3396	3310	0.270344801771
3397	3311	0.270344801771
3398	3312	0.270344801771
3399	3313	0.270344801771
3400	3314	0.270344801771
3401	3315	0.270344801771
3402	3316	0.270199096645
3403	3317	0.270199096645
3404	3318	0.270199096645
3405	3319	0.270199096645
3406	3320	0.270199096645
3407	3321	0.270199096645
3408	3322	0.270199096645
3409	3323	0.270199096645
3410	3324	0.270199096645
3411	3325	0.224471986294
3412	3326	0.238061543554
3413	3327	0.258327037329
3414	3328	0.189430236816
3415	3329	0.269209526479
3416	3330	0.212657050695
3417	3331	0.439100638963
3418	3332	0.415748938918
3419	3333	0.284433364868
3420	3334	0.31104183197
526	3335	0.226514816284
525	3336	0.261175990105
531	3337	0.259879272431
529	3338	0.259879272431
517	3339	0.259879272431
532	3340	0.259879272431
530	3341	0.259879272431
3421	3342	0.226514816284
3422	3343	0.292241692543
3423	3344	0.23629322648
3424	3345	0.266048014164
3425	3346	0.260520913638
3426	3347	0.229531407356
3427	3348	0.278899356956
3428	3349	0.299928663997
3429	3350	0.304660225287
3430	3351	0.265307374764
3431	3352	0.286606232054
3432	3353	0.240734398365
3433	3354	0.160050163046
3434	3355	0.251408206765
3435	3356	0.229531407356
3436	3357	0.270199096645
3437	3358	0.270199096645
3438	3359	0.270199096645
3439	3360	0.270199096645
3440	3361	0.270199096645
3441	3362	0.261424660421
3442	3363	0.261424660421
3443	3364	0.261424660421
3444	3365	0.261424660421
3445	3366	0.261424660421
3446	3367	0.261424660421
3447	3368	0.266073569364
3448	3369	0.266073569364
3449	3370	0.266073569364
3450	3371	0.266073569364
3451	3372	0.266073569364
3452	3373	0.266073569364
3453	3374	0.266073569364
3454	3375	0.21488644951
3455	3376	0.21488644951
3456	3377	0.21488644951
3457	3378	0.21488644951
3458	3379	0.321366296732
3459	3380	0.321366296732
3460	3381	0.321366296732
3461	3382	0.321366296732
3462	3383	0.321366296732
3463	3384	0.321366296732
3464	3385	0.260592100443
3465	3386	0.260592100443
3466	3387	0.260592100443
3467	3388	0.260592100443
3468	3389	0.240865360014
3469	3390	0.240865360014
3470	3391	0.240865360014
3471	3392	0.240865360014
3472	3393	0.240865360014
3473	3394	0.240865360014
3474	3395	0.240865360014
3475	3396	0.240865360014
3476	3397	0.240865360014
3477	3398	0.240865360014
3478	3399	0.31192450528
3479	3400	0.31192450528
3480	3401	0.31192450528
3481	3402	0.31192450528
3482	3403	0.31192450528
3483	3404	0.31192450528
3485	3405	0.31192450528
3486	3406	0.31192450528
3487	3407	0.31192450528
3488	3408	0.258486468578
3489	3409	0.258486468578
3490	3410	0.258486468578
3491	3411	0.258486468578
3492	3412	0.258486468578
3493	3413	0.431789448718
3494	3414	0.431789448718
3495	3415	0.431789448718
3496	3416	0.431789448718
3497	3417	0.292110131297
3498	3418	0.292110131297
3499	3419	0.292110131297
3500	3420	0.292110131297
3501	3421	0.292110131297
3502	3422	0.292110131297
3503	3423	0.292110131297
3504	3424	0.255226083566
3505	3425	0.261366855819
3506	3426	0.261366855819
3507	3427	0.261366855819
3508	3428	0.261366855819
3509	3429	0.261366855819
3510	3430	0.261366855819
3511	3431	0.261366855819
3512	3432	0.261366855819
3513	3433	0.261366855819
3514	3434	0.261366855819
3515	3435	0.25148863392
3516	3436	0.25148863392
3517	3437	0.25148863392
3518	3438	0.281700670021
3519	3439	0.281700670021
3520	3440	0.281700670021
3521	3441	0.281700670021
3522	3442	0.281700670021
3523	3443	0.281700670021
3524	3444	0.281700670021
3525	3445	0.281700670021
3526	3446	0.259418010057
3527	3447	0.259418010057
3528	3448	0.259418010057
3529	3449	0.259418010057
3530	3450	0.259418010057
3531	3451	0.193413225235
3532	3452	0.193413225235
3533	3453	0.193413225235
3534	3454	0.193413225235
3535	3455	0.193413225235
3539	3456	0.291195039346
3537	3457	0.193413225235
3538	3458	0.193413225235
3540	3459	0.291195039346
3541	3460	0.291195039346
3542	3461	0.291195039346
3543	3462	0.256843972231
3544	3463	0.256843972231
3545	3464	0.260844432429
3546	3465	0.260844432429
3547	3466	0.260844432429
3548	3467	0.260844432429
3549	3468	0.260844432429
3550	3469	0.260844432429
3551	3470	0.260844432429
3552	3471	0.260844432429
3553	3472	0.30241504786
3554	3473	0.30241504786
3555	3474	0.30241504786
3556	3475	0.30241504786
3557	3476	0.30241504786
3558	3477	0.30241504786
3559	3478	0.30241504786
3560	3479	0.30241504786
3561	3480	0.30241504786
3562	3481	0.30241504786
3563	3482	0.206065012142
3565	3484	0.236807924695
3566	3485	0.236807924695
3567	3486	0.236807924695
3568	3487	0.236807924695
3569	3488	0.251829078887
3571	3489	0.28911216557
3572	3490	0.304660225287
3570	3491	0.302180234343
3574	3492	0.244140625
3573	3493	0.239818572998
3575	3494	0.30722618103
3576	3495	0.314591884613
3577	3496	0.218511879444
3578	3497	0.346047356725
3579	3498	0.278193995357
3580	3499	0.306306257844
3581	3500	0.282399773598
3582	3501	0.209367275238
3583	3502	0.336752146482
3584	3503	0.251363207586
3585	3504	0.270796885248
3586	3505	0.248550312012
3587	3506	0.248550312012
3588	3507	0.248550312012
3589	3508	0.248550312012
3590	3509	0.248550312012
3591	3510	0.248550312012
3592	3511	0.248550312012
3594	3512	0.20124745369
3652	3513	0.281288812635
3651	3514	0.258385824505
3595	3515	0.266056537628
3596	3516	0.257529586554
3597	3517	0.190840244293
3599	3519	0.247689329088
3600	3520	0.287940716371
3601	3521	0.154315724969
3602	3522	0.196593419649
3603	3523	0.221585378749
3604	3524	0.251502107596
3605	3525	0.251502107596
3606	3526	0.251502107596
3607	3527	0.269118842902
3608	3528	0.254405073356
3609	3529	0.254405073356
3610	3530	0.254405073356
3611	3531	0.254405073356
3612	3532	0.254405073356
3613	3533	0.254405073356
3614	3534	0.280794161081
3615	3535	0.280794161081
3616	3536	0.280794161081
3617	3537	0.280794161081
3618	3538	0.280794161081
3619	3539	0.280794161081
3620	3540	0.280794161081
3621	3541	0.280794161081
3622	3542	0.2911618168
3623	3543	0.2911618168
3624	3544	0.2911618168
3625	3545	0.2911618168
3626	3546	0.2911618168
3627	3547	0.2911618168
3628	3548	0.2911618168
3629	3549	0.2911618168
3630	3550	0.2911618168
3631	3551	0.273528314487
3632	3552	0.273528314487
3633	3553	0.273528314487
3634	3554	0.273528314487
3635	3555	0.273528314487
3636	3556	0.273528314487
3638	3557	0.233084447245
3639	3558	0.233084447245
3640	3559	0.233084447245
3641	3560	0.233084447245
3642	3561	0.233084447245
3643	3562	0.233084447245
3644	3563	0.233084447245
3645	3564	0.23826386861
3646	3565	0.23826386861
3647	3566	0.23826386861
3648	3567	0.23826386861
3649	3568	0.23826386861
3650	3569	0.23826386861
3653	3570	0.281288812635
3654	3571	0.281288812635
3655	3572	0.281288812635
3656	3573	0.281288812635
3657	3574	0.281288812635
3658	3575	0.281288812635
3659	3576	0.281288812635
3660	3577	0.292726572603
3661	3578	0.292726572603
3662	3579	0.292726572603
3663	3580	0.292726572603
3664	3581	0.292726572603
3666	3582	0.282860158477
3667	3583	0.199920178391
3668	3584	0.199920178391
3669	3585	0.199920178391
3670	3586	0.199920178391
3671	3587	0.199920178391
3672	3588	0.199920178391
3673	3589	0.245442163898
3674	3590	0.245442163898
3675	3591	0.245442163898
3676	3592	0.245442163898
3677	3593	0.235284741502
3678	3594	0.235284741502
3679	3595	0.235284741502
3680	3596	0.235284741502
3681	3597	0.235284741502
3682	3598	0.273515706083
3683	3599	0.273515706083
3684	3600	0.273515706083
3685	3601	0.273515706083
3686	3602	0.273515706083
3687	3603	0.273515706083
3688	3604	0.273515706083
3689	3605	0.273515706083
3690	3606	0.273515706083
3691	3607	0.254622051318
3692	3608	0.254622051318
3693	3609	0.254622051318
3694	3610	0.254622051318
3695	3611	0.254622051318
3696	3612	0.254622051318
3697	3613	0.254622051318
3698	3614	0.21488644951
3699	3615	0.21488644951
3700	3616	0.21488644951
3701	3617	0.21488644951
3702	3618	0.21488644951
3703	3619	0.21488644951
3704	3620	0.21488644951
3705	3621	0.281197911478
3706	3622	0.30241504786
3707	3623	0.267656266427
3708	3624	0.267656266427
3709	3625	0.267656266427
3710	3626	0.267656266427
3711	3627	0.267656266427
3712	3628	0.232598400209
3713	3629	0.232598400209
3714	3630	0.232598400209
3715	3631	0.209219843149
3716	3632	0.195134757087
3717	3633	0.218614626676
3718	3634	0.232271102257
3719	3635	0.232271102257
3720	3636	0.232271102257
3721	3637	0.232271102257
3722	3638	0.205980942352
3723	3639	0.205980942352
3724	3640	0.205980942352
3725	3641	0.251129857352
3726	3642	0.251129857352
3727	3643	0.251129857352
3728	3644	0.251129857352
3729	3645	0.251129857352
3730	3646	0.251129857352
3732	3647	0.449376609176
3733	3648	0.472617080319
3731	3649	0.261312236369
3735	3650	0.261312236369
3736	3651	0.265457714479
3737	3652	0.265457714479
3738	3653	0.265457714479
3739	3654	0.265457714479
3740	3655	0.265457714479
3741	3656	0.265457714479
3742	3657	0.265457714479
3743	3658	0.265457714479
3744	3659	0.230829508393
3747	3660	0.258385824505
3748	3661	0.258385824505
3749	3662	0.258385824505
3750	3663	0.258385824505
3751	3664	0.258385824505
3752	3665	0.258385824505
3753	3666	0.258385824505
3754	3667	0.258385824505
3755	3668	0.266211761744
3756	3669	0.240865360014
3757	3670	0.240865360014
3758	3671	0.240865360014
3759	3672	0.240865360014
3760	3673	0.240865360014
3761	3674	0.240865360014
3762	3675	0.240865360014
3763	3676	0.240865360014
3764	3677	0.258656011662
3765	3678	0.258656011662
3766	3679	0.258656011662
3767	3680	0.258656011662
3768	3681	0.258656011662
3769	3682	0.258656011662
3770	3683	0.241430394351
3771	3684	0.241430394351
3772	3685	0.241430394351
3773	3686	0.241430394351
3774	3687	0.241430394351
3775	3688	0.241430394351
3776	3689	0.241430394351
3777	3690	0.241430394351
3778	3691	0.276394162793
3779	3692	0.276394162793
3780	3693	0.2284861136
3781	3694	0.352391896129
3782	3695	0.352391896129
3783	3696	0.352391896129
3784	3697	0.352391896129
3785	3698	0.352391896129
3786	3699	0.265013278229
3787	3700	0.265013278229
3788	3701	0.265013278229
3789	3702	0.265013278229
3790	3703	0.265013278229
3791	3704	0.265013278229
3792	3705	0.204077346512
3793	3706	0.269118842902
3794	3707	0.269118842902
3795	3708	0.269118842902
3796	3709	0.269118842902
3797	3710	0.269118842902
3798	3711	0.269118842902
3799	3712	0.30241504786
3800	3713	0.30241504786
3801	3714	0.30241504786
3802	3715	0.30241504786
3803	3716	0.30241504786
3804	3717	0.30241504786
3805	3718	0.30241504786
3806	3719	0.30241504786
3807	3720	0.280768688179
3808	3721	0.280768688179
3809	3722	0.280768688179
3810	3723	0.280768688179
3811	3724	0.280768688179
3812	3725	0.22221111285
3813	3726	0.22221111285
3814	3727	0.22221111285
3815	3728	0.22221111285
3816	3729	0.22221111285
3817	3730	0.280974373614
3818	3731	0.280974373614
3819	3732	0.280974373614
3820	3733	0.280974373614
3821	3734	0.280974373614
3822	3735	0.280974373614
3823	3736	0.252244943113
3824	3737	0.252244943113
3825	3738	0.252244943113
3826	3739	0.252244943113
3827	3740	0.269068826747
3828	3741	0.269068826747
3829	3742	0.269068826747
3830	3743	0.269068826747
3831	3744	0.269068826747
3833	3745	0.231957551092
3834	3746	0.319585918449
3835	3747	0.289608180523
3836	3748	0.212877070531
3832	3749	0.351892328414
3837	3750	0.292991972528
3838	3751	0.26695375517
3839	3752	0.236857897835
3840	3753	0.242091221997
3841	3754	0.212657050695
3842	3755	0.268115375191
3843	3756	0.236904739635
3844	3757	0.247952392732
3845	3758	0.247952392732
3846	3759	0.247952392732
3847	3760	0.247952392732
3848	3761	0.247952392732
3849	3762	0.247952392732
3850	3763	0.247952392732
3851	3764	0.247952392732
3852	3765	0.247952392732
3853	3766	0.299378090043
3854	3767	0.299378090043
3855	3768	0.299378090043
3856	3769	0.299378090043
3857	3770	0.299378090043
3858	3771	0.299378090043
3859	3772	0.238345270162
3860	3773	0.238345270162
3861	3774	0.238345270162
3862	3775	0.238345270162
3863	3776	0.238345270162
3864	3777	0.238345270162
3865	3778	0.294501681346
3866	3779	0.294501681346
3867	3780	0.294501681346
3868	3781	0.294501681346
3869	3782	0.294501681346
3870	3783	0.294501681346
3871	3784	0.277609720244
3872	3785	0.277609720244
3873	3786	0.277609720244
3874	3787	0.277609720244
3875	3788	0.277609720244
3876	3789	0.277609720244
3877	3790	0.277609720244
3878	3791	0.277609720244
3879	3792	0.277609720244
3880	3793	0.292507624719
3881	3794	0.292507624719
3882	3795	0.280137679809
3883	3796	0.280137679809
3884	3797	0.280137679809
3885	3798	0.280137679809
3886	3799	0.289646523561
3887	3800	0.289646523561
3888	3801	0.289646523561
3889	3802	0.289646523561
3890	3803	0.289646523561
3891	3804	0.289646523561
3892	3805	0.289646523561
3893	3806	0.289646523561
3894	3807	0.261413090266
3895	3808	0.261413090266
3896	3809	0.261413090266
3897	3810	0.261413090266
3898	3811	0.261413090266
3899	3812	0.254926850364
3900	3813	0.254926850364
3901	3814	0.254926850364
3902	3815	0.27951383622
3903	3816	0.27951383622
3904	3817	0.27951383622
3905	3818	0.27951383622
3906	3819	0.27951383622
3907	3820	0.27951383622
3908	3821	0.243065303192
3909	3822	0.243065303192
3910	3823	0.243065303192
3911	3824	0.243065303192
3912	3825	0.243065303192
3913	3826	0.243065303192
3914	3827	0.243065303192
3915	3828	0.243065303192
3916	3829	0.250641167164
3917	3830	0.250641167164
3918	3831	0.250641167164
3919	3832	0.250641167164
3920	3833	0.250641167164
3921	3834	0.250641167164
3922	3835	0.268165477682
3923	3836	0.268165477682
3924	3837	0.268165477682
3925	3838	0.268165477682
3926	3839	0.247305266559
3927	3840	0.247305266559
3928	3841	0.247305266559
3929	3842	0.247305266559
3930	3843	0.247305266559
3931	3844	0.247305266559
3932	3845	0.247305266559
3933	3846	0.247305266559
3934	3847	0.310202232991
3935	3848	0.252144967613
3936	3849	0.227688569576
3937	3850	0.249862822704
3938	3851	0.248550312012
3939	3852	0.211939573288
3940	3853	0.252671585418
3941	3854	0.26368185482
3942	3855	0.254939206992
461	401	0.21563154459
2084	2010	0.21408431977
726	659	0.225099921227
2101	2027	0.290878362954
2104	2030	0.290878362954
732	665	0.327665328979
1842	1770	0.350413153879
1510	1439	0.386795789003
444	384	0.231811523438
742	675	0.34785848856
2115	2041	0.235620647669
751	681	0.3125
1438	1367	0.225835293531
2011	1937	0.339485623874
1302	1231	0.389075368643
768	701	0.251130567631
2146	2072	0.327531401999
681	614	0.346620776691
1000	933	0.323106765747
696	629	0.308629696257
2180	2106	0.322563299444
642	575	0.291738774627
809	742	0.280247479677
486	421	0.14453125
2013	1939	0.339485623874
2190	2116	0.239440705627
3564	3483	0.230477273464
826	759	0.372468980029
2956	2881	0.256633031415
1865	1791	0.246295304969
844	777	0.410749092698
2218	2143	0.275604724884
3598	3518	0.234682172537
862	795	0.410749092698
442	382	0.232666015625
2240	2165	0.289411723614
869	803	0.205999135971
69	305	0.26354543143
1877	1803	0.328216642141
909	842	0.0
2283	2208	0.306002627127
417	361	0.286940395832
915	848	0.302551746368
918	851	0.351252675056
920	853	0.351252675056
929	862	0.223979353905
454	394	0.21563154459
507	447	0.212768554688
942	879	0.281001448631
2008	1934	0.339485623874
2073	1999	0.234880536795
941	881	0.307961139828
2322	2247	0.24176466465
950	883	0.307961139828
2326	2251	0.250083621591
1343	1272	0.276110260747
514	454	0.234306782484
794	727	0.280247479677
980	913	0.248178482056
2356	2281	0.230872541666
983	916	0.248178482056
985	918	0.248178482056
987	920	0.248178482056
998	931	0.323106765747
2372	2297	0.282908967696
1006	939	0.323106765747
1010	943	0.323106765747
1015	948	0.323106765747
1028	961	0.323106765747
1030	963	0.237724304199
1528	1457	0.293434858322
1038	971	0.29246711731
1039	972	0.29246711731
669	602	0.291738774627
536	469	0.358531035483
533	470	0.484719801694
2439	2364	0.256864743307
2442	2367	0.296854291693
1202	1131	0.16015625
1911	1837	0.206955909729
3192	3110	0.342126220465
543	476	0.234306782484
1085	1018	0.339876174927
1092	1025	0.146909803152
899	832	0.25
1108	1041	0.193943142891
1121	1054	0.250568859279
1122	1055	0.250568859279
2523	2448	0.276940059382
1159	1089	0.235269340687
559	492	0.268269270658
1930	1856	0.208145257086
1171	1101	0.228242378682
1931	1857	0.208145257086
1110	1043	0.193943142891
2566	2491	0.295233940036
2571	2496	0.259262925014
1207	1136	0.2587890625
840	773	0.410749092698
1212	1141	0.155944824219
658	591	0.291738774627
1214	1143	0.254484176636
501	441	0.382182300091
1216	1145	0.254484176636
570	503	0.247797966003
1231	1160	0.218569278717
2604	2529	0.263308141381
1237	1166	0.0
2611	2536	0.248914954718
1242	1171	0.3154296875
2219	2144	0.247362747788
576	509	0.377880334854
1018	951	0.323106765747
435	375	0.21199798584
624	555	0.291004180908
1283	1210	0.298548668623
1282	1211	0.328713081777
633	566	0.208579774946
1288	1216	0.313601493835
2673	2597	0.303116738796
586	519	0.258954703808
1305	1234	0.389075368643
2252	2177	0.290205618367
1313	1242	0.389075368643
1321	1250	0.389075368643
1323	1252	0.389075368643
589	523	0.233620077372
1340	1269	0.276110260747
596	529	0.234440690838
2059	1985	0.283779024612
2053	1979	0.220106039196
1362	1289	0.3665599823
1693	1622	0.283207267523
1369	1298	0.237031817436
1970	1896	0.248935848475
1393	1322	0.326723277569
2766	2690	0.158939890563
680	613	0.346620776691
1411	1340	0.359764695168
2782	2706	0.266882778145
2791	2715	0.20332439011
================================================================================
Inbreeding Statistics
All animals:
--------------------------------------------------------------------------------
	Count:	3855
	Mean:	0.264498289863
	Min:	0.0
	Max:	0.502685546875
Animals with non-zero CoI:
--------------------------------------------------------------------------------
	Count:	3796
	Mean:	0.268609301218
	Min:	0.0927422344685
	Max:	0.502685546875
